Episode, Total Reward, Epsilon
1,-11321.00, 0.1990
2,-10041.00, 0.1980
3,-10681.00, 0.1970
4,-11326.00, 0.1960
5,-12667.00, 0.1950
6,-11492.00, 0.1941
7,-9811.00, 0.1931
8,-10266.00, 0.1921
9,-8566.00, 0.1912
10,-10181.00, 0.1902
11,-12268.00, 0.1893
12,-5845.00, 0.1883
13,-12241.00, 0.1874
14,-7835.00, 0.1864
15,-8471.00, 0.1855
16,-11480.00, 0.1846
17,-11041.00, 0.1837
18,-8655.00, 0.1827
19,-11751.00, 0.1818
20,-7431.00, 0.1809
21,-12466.00, 0.1800
22,-6328.00, 0.1791
23,-8768.00, 0.1782
24,-8353.00, 0.1773
25,-6790.00, 0.1764
26,-7756.00, 0.1756
27,-9656.00, 0.1747
28,-9091.00, 0.1738
29,-5544.00, 0.1729
30,-5310.00, 0.1721
31,-9147.00, 0.1712
32,-3731.00, 0.1704
33,-10160.00, 0.1695
34,-6811.00, 0.1687
35,-6255.00, 0.1678
36,-4496.00, 0.1670
37,-5748.00, 0.1661
38,-8566.00, 0.1653
39,-4659.00, 0.1645
40,-6659.00, 0.1637
41,-6126.00, 0.1628
42,-5296.00, 0.1620
43,-7187.00, 0.1612
44,-8652.00, 0.1604
45,-6371.00, 0.1596
46,-4261.00, 0.1588
47,-5711.00, 0.1580
48,-7816.00, 0.1572
49,-7051.00, 0.1564
50,-5509.00, 0.1557
51,-2102.00, 0.1549
52,-6826.00, 0.1541
53,-5323.00, 0.1533
54,-1965.00, 0.1526
55,-4181.00, 0.1518
56,-5184.00, 0.1511
57,-4126.00, 0.1503
58,-5541.00, 0.1495
59,-1021.00, 0.1488
60,-7161.00, 0.1481
61,-2791.00, 0.1473
62,-7909.00, 0.1466
63,-3836.00, 0.1458
64,-3106.00, 0.1451
65,-4199.00, 0.1444
66,-3049.00, 0.1437
67,-3804.00, 0.1429
68,-2011.00, 0.1422
69,-3506.00, 0.1415
70,-2611.00, 0.1408
71,-1941.00, 0.1401
72,-2686.00, 0.1394
73,-1256.00, 0.1387
74,-3316.00, 0.1380
75,-3447.00, 0.1373
76,-2202.00, 0.1366
77,101.00, 0.1360
78,-7356.00, 0.1353
79,-1191.00, 0.1346
80,-6016.00, 0.1339
81,-2945.00, 0.1333
82,-1611.00, 0.1326
83,-1412.00, 0.1319
84,-3220.00, 0.1313
85,-649.00, 0.1306
86,-5146.00, 0.1300
87,-2761.00, 0.1293
88,-1821.00, 0.1287
89,-3045.00, 0.1280
90,334.00, 0.1274
91,-2446.00, 0.1267
92,-3205.00, 0.1261
93,-3321.00, 0.1255
94,-3931.00, 0.1249
95,-4743.00, 0.1242
96,-1976.00, 0.1236
97,257.00, 0.1230
98,-2718.00, 0.1224
99,-958.00, 0.1218
100,-4546.00, 0.1212
101,-583.00, 0.1205
102,-4911.00, 0.1199
103,-5831.00, 0.1193
104,-2681.00, 0.1187
105,-3145.00, 0.1182
106,-2991.00, 0.1176
107,-2257.00, 0.1170
108,-546.00, 0.1164
109,712.00, 0.1158
110,-5426.00, 0.1152
111,-1139.00, 0.1147
112,-2632.00, 0.1141
113,-2790.00, 0.1135
114,-5391.00, 0.1129
115,-5057.00, 0.1124
116,357.00, 0.1118
117,-5751.00, 0.1113
118,-3486.00, 0.1107
119,-1815.00, 0.1101
120,1746.00, 0.1096
121,-316.00, 0.1090
122,-452.00, 0.1085
123,-1241.00, 0.1080
124,-941.00, 0.1074
125,1924.00, 0.1069
126,-491.00, 0.1064
127,274.00, 0.1058
128,-1001.00, 0.1053
129,2109.00, 0.1048
130,29.00, 0.1042
131,584.00, 0.1037
132,-4146.00, 0.1032
133,-1486.00, 0.1027
134,-596.00, 0.1022
135,-1922.00, 0.1017
136,-2841.00, 0.1012
137,1458.00, 0.1006
138,-809.00, 0.1001
139,-2966.00, 0.0996
140,-2302.00, 0.0991
141,-3156.00, 0.0986
142,154.00, 0.0982
143,-2436.00, 0.0977
144,-1383.00, 0.0972
145,-2414.00, 0.0967
146,-6596.00, 0.0962
147,299.00, 0.0957
148,744.00, 0.0952
149,-1317.00, 0.0948
150,-154.00, 0.0943
151,2634.00, 0.0938
152,-3966.00, 0.0934
153,-2992.00, 0.0929
154,-3616.00, 0.0924
155,1199.00, 0.0920
156,-3601.00, 0.0915
157,1455.00, 0.0910
158,-1416.00, 0.0906
159,-391.00, 0.0901
160,2389.00, 0.0897
161,-3481.00, 0.0892
162,4119.00, 0.0888
163,549.00, 0.0883
164,-451.00, 0.0879
165,2304.00, 0.0875
166,1245.00, 0.0870
167,-371.00, 0.0866
168,-867.00, 0.0862
169,720.00, 0.0857
170,-1632.00, 0.0853
171,-2058.00, 0.0849
172,534.00, 0.0845
173,313.00, 0.0840
174,824.00, 0.0836
175,-2136.00, 0.0832
176,1877.00, 0.0828
177,-1288.00, 0.0824
178,-2556.00, 0.0819
179,324.00, 0.0815
180,1537.00, 0.0811
181,-747.00, 0.0807
182,1341.00, 0.0803
183,2218.00, 0.0799
184,1679.00, 0.0795
185,1967.00, 0.0791
186,-451.00, 0.0787
187,-1941.00, 0.0783
188,2399.00, 0.0779
189,-711.00, 0.0776
190,-560.00, 0.0772
191,1694.00, 0.0768
192,-696.00, 0.0764
193,300.00, 0.0760
194,758.00, 0.0756
195,984.00, 0.0753
196,2294.00, 0.0749
197,4504.00, 0.0745
198,-1271.00, 0.0741
199,-1041.00, 0.0738
200,-1939.00, 0.0734
201,269.00, 0.0730
202,344.00, 0.0727
203,-566.00, 0.0723
204,1074.00, 0.0719
205,4069.00, 0.0716
206,483.00, 0.0712
207,725.00, 0.0709
208,-676.00, 0.0705
209,1024.00, 0.0702
210,732.00, 0.0698
211,-1106.00, 0.0695
212,2930.00, 0.0691
213,1332.00, 0.0688
214,1764.00, 0.0684
215,2652.00, 0.0681
216,1869.00, 0.0677
217,2619.00, 0.0674
218,1757.00, 0.0671
219,-406.00, 0.0667
220,1699.00, 0.0664
221,1479.00, 0.0661
222,2959.00, 0.0657
223,-301.00, 0.0654
224,-3472.00, 0.0651
225,-1797.00, 0.0647
226,1572.00, 0.0644
227,363.00, 0.0641
228,1629.00, 0.0638
229,2931.00, 0.0635
230,3821.00, 0.0631
231,2044.00, 0.0628
232,1774.00, 0.0625
233,1287.00, 0.0622
234,-249.00, 0.0619
235,-3296.00, 0.0616
236,577.00, 0.0613
237,2224.00, 0.0610
238,-1801.00, 0.0607
239,1693.00, 0.0604
240,-2088.00, 0.0601
241,516.00, 0.0598
242,-481.00, 0.0595
243,2113.00, 0.0592
244,2771.00, 0.0589
245,-827.00, 0.0586
246,3013.00, 0.0583
247,2184.00, 0.0580
248,-819.00, 0.0577
249,2942.00, 0.0574
250,1934.00, 0.0571
251,2626.00, 0.0568
252,1109.00, 0.0566
253,-816.00, 0.0563
254,908.00, 0.0560
255,1377.00, 0.0557
256,837.00, 0.0554
257,4909.00, 0.0552
258,-1559.00, 0.0549
259,2026.00, 0.0546
260,1380.00, 0.0543
261,1174.00, 0.0541
262,375.00, 0.0538
263,2808.00, 0.0535
264,-826.00, 0.0533
265,-467.00, 0.0530
266,4344.00, 0.0527
267,-3831.00, 0.0525
268,244.00, 0.0522
269,-661.00, 0.0519
270,1098.00, 0.0517
271,408.00, 0.0514
272,3288.00, 0.0512
273,4100.00, 0.0509
274,1964.00, 0.0506
275,1602.00, 0.0504
276,3084.00, 0.0501
277,1431.00, 0.0499
278,1897.00, 0.0496
279,1650.00, 0.0494
280,-2306.00, 0.0491
281,3334.00, 0.0489
282,-231.00, 0.0487
283,-685.00, 0.0484
284,3974.00, 0.0482
285,2194.00, 0.0479
286,2221.00, 0.0477
287,1748.00, 0.0475
288,3414.00, 0.0472
289,1063.00, 0.0470
290,1989.00, 0.0467
291,2243.00, 0.0465
292,1539.00, 0.0463
293,1954.00, 0.0460
294,5084.00, 0.0458
295,1154.00, 0.0456
296,4114.00, 0.0454
297,629.00, 0.0451
298,4536.00, 0.0449
299,3439.00, 0.0447
300,4314.00, 0.0445
301,2074.00, 0.0442
302,1009.00, 0.0440
303,2213.00, 0.0438
304,227.00, 0.0436
305,4129.00, 0.0434
306,2938.00, 0.0431
307,-121.00, 0.0429
308,133.00, 0.0427
309,-543.00, 0.0425
310,1304.00, 0.0423
311,6568.00, 0.0421
312,4039.00, 0.0419
313,514.00, 0.0417
314,1878.00, 0.0414
315,1332.00, 0.0412
316,2394.00, 0.0410
317,3608.00, 0.0408
318,399.00, 0.0406
319,2276.00, 0.0404
320,1864.00, 0.0402
321,2334.00, 0.0400
322,1829.00, 0.0398
323,2975.00, 0.0396
324,1774.00, 0.0394
325,2459.00, 0.0392
326,488.00, 0.0390
327,2742.00, 0.0388
328,1258.00, 0.0386
329,3389.00, 0.0384
330,-906.00, 0.0383
331,2464.00, 0.0381
332,1613.00, 0.0379
333,4429.00, 0.0377
334,879.00, 0.0375
335,1334.00, 0.0373
336,3508.00, 0.0371
337,-213.00, 0.0369
338,1854.00, 0.0367
339,4558.00, 0.0366
340,2879.00, 0.0364
341,2464.00, 0.0362
342,3469.00, 0.0360
343,3524.00, 0.0358
344,1002.00, 0.0357
345,6005.00, 0.0355
346,581.00, 0.0353
347,3042.00, 0.0351
348,1964.00, 0.0350
349,3525.00, 0.0348
350,1164.00, 0.0346
351,2942.00, 0.0344
352,-2596.00, 0.0343
353,3092.00, 0.0341
354,742.00, 0.0339
355,2014.00, 0.0337
356,2553.00, 0.0336
357,5529.00, 0.0334
358,2484.00, 0.0332
359,5404.00, 0.0331
360,2669.00, 0.0329
361,2138.00, 0.0327
362,-1669.00, 0.0326
363,1774.00, 0.0324
364,821.00, 0.0323
365,4693.00, 0.0321
366,3699.00, 0.0319
367,1272.00, 0.0318
368,849.00, 0.0316
369,328.00, 0.0315
370,3406.00, 0.0313
371,4309.00, 0.0311
372,2658.00, 0.0310
373,1888.00, 0.0308
374,2424.00, 0.0307
375,-2920.00, 0.0305
376,5029.00, 0.0304
377,1529.00, 0.0302
378,215.00, 0.0301
379,2564.00, 0.0299
380,2090.00, 0.0298
381,-1226.00, 0.0296
382,4433.00, 0.0295
383,3539.00, 0.0293
384,2933.00, 0.0292
385,3474.00, 0.0290
386,-321.00, 0.0289
387,4069.00, 0.0287
388,-1506.00, 0.0286
389,3744.00, 0.0285
390,3344.00, 0.0283
391,2494.00, 0.0282
392,2535.00, 0.0280
393,3933.00, 0.0279
394,3944.00, 0.0278
395,-66.00, 0.0276
396,-1461.00, 0.0275
397,2656.00, 0.0273
398,2484.00, 0.0272
399,3605.00, 0.0271
400,3363.00, 0.0269
401,5849.00, 0.0268
402,2963.00, 0.0267
403,1419.00, 0.0265
404,2359.00, 0.0264
405,3128.00, 0.0263
406,2259.00, 0.0261
407,5509.00, 0.0260
408,924.00, 0.0259
409,2014.00, 0.0257
410,1404.00, 0.0256
411,3439.00, 0.0255
412,3709.00, 0.0254
413,759.00, 0.0252
414,-911.00, 0.0251
415,3932.00, 0.0250
416,1953.00, 0.0249
417,4716.00, 0.0247
418,533.00, 0.0246
419,1402.00, 0.0245
420,3688.00, 0.0244
421,3465.00, 0.0242
422,4807.00, 0.0241
423,604.00, 0.0240
424,2890.00, 0.0239
425,2658.00, 0.0238
426,-2586.00, 0.0236
427,2858.00, 0.0235
428,1339.00, 0.0234
429,2367.00, 0.0233
430,702.00, 0.0232
431,1764.00, 0.0231
432,2209.00, 0.0229
433,3663.00, 0.0228
434,1595.00, 0.0227
435,2124.00, 0.0226
436,3375.00, 0.0225
437,2084.00, 0.0224
438,5569.00, 0.0223
439,4873.00, 0.0221
440,2544.00, 0.0220
441,2529.00, 0.0219
442,-104.00, 0.0218
443,722.00, 0.0217
444,5389.00, 0.0216
445,756.00, 0.0215
446,-336.00, 0.0214
447,-407.00, 0.0213
448,1949.00, 0.0212
449,7349.00, 0.0211
450,1449.00, 0.0210
451,2879.00, 0.0209
452,1414.00, 0.0208
453,1608.00, 0.0206
454,2895.00, 0.0205
455,5906.00, 0.0204
456,-243.00, 0.0203
457,3744.00, 0.0202
458,4644.00, 0.0201
459,4024.00, 0.0200
460,2109.00, 0.0199
461,1372.00, 0.0198
462,893.00, 0.0197
463,1801.00, 0.0196
464,3994.00, 0.0195
465,-887.00, 0.0194
466,5467.00, 0.0193
467,2538.00, 0.0192
468,2223.00, 0.0192
469,-585.00, 0.0191
470,1442.00, 0.0190
471,5266.00, 0.0189
472,4844.00, 0.0188
473,8639.00, 0.0187
474,1518.00, 0.0186
475,6530.00, 0.0185
476,2155.00, 0.0184
477,4054.00, 0.0183
478,-61.00, 0.0182
479,3447.00, 0.0181
480,2226.00, 0.0180
481,4229.00, 0.0179
482,3324.00, 0.0179
483,2837.00, 0.0178
484,3504.00, 0.0177
485,-1216.00, 0.0176
486,3424.00, 0.0175
487,4058.00, 0.0174
488,623.00, 0.0173
489,2954.00, 0.0172
490,4044.00, 0.0172
491,642.00, 0.0171
492,-471.00, 0.0170
493,3219.00, 0.0169
494,3019.00, 0.0168
495,2789.00, 0.0167
496,6353.00, 0.0166
497,3553.00, 0.0166
498,173.00, 0.0165
499,1116.00, 0.0164
500,1324.00, 0.0163
501,-401.00, 0.0162
502,3369.00, 0.0162
503,1193.00, 0.0161
504,1684.00, 0.0160
505,4254.00, 0.0159
506,3242.00, 0.0158
507,1424.00, 0.0158
508,4139.00, 0.0157
509,4169.00, 0.0156
510,199.00, 0.0155
511,3916.00, 0.0154
512,228.00, 0.0154
513,3297.00, 0.0153
514,-772.00, 0.0152
515,1874.00, 0.0151
516,682.00, 0.0151
517,6953.00, 0.0150
518,4994.00, 0.0149
519,2658.00, 0.0148
520,6384.00, 0.0148
521,2833.00, 0.0147
522,4718.00, 0.0146
523,1969.00, 0.0145
524,2204.00, 0.0145
525,1516.00, 0.0144
526,4594.00, 0.0143
527,2803.00, 0.0142
528,2499.00, 0.0142
529,-446.00, 0.0141
530,4430.00, 0.0140
531,1919.00, 0.0140
532,4414.00, 0.0139
533,3603.00, 0.0138
534,1719.00, 0.0138
535,4764.00, 0.0137
536,1109.00, 0.0136
537,5034.00, 0.0136
538,6274.00, 0.0135
539,3793.00, 0.0134
540,2533.00, 0.0134
541,2412.00, 0.0133
542,-221.00, 0.0132
543,3985.00, 0.0132
544,2674.00, 0.0131
545,3377.00, 0.0130
546,4487.00, 0.0130
547,2869.00, 0.0129
548,6989.00, 0.0128
549,4199.00, 0.0128
550,3512.00, 0.0127
551,3649.00, 0.0126
552,1814.00, 0.0126
553,-326.00, 0.0125
554,2865.00, 0.0124
555,-741.00, 0.0124
556,3412.00, 0.0123
557,3084.00, 0.0123
558,2709.00, 0.0122
559,2255.00, 0.0121
560,3844.00, 0.0121
561,1115.00, 0.0120
562,2468.00, 0.0120
563,479.00, 0.0119
564,5339.00, 0.0118
565,3012.00, 0.0118
566,4025.00, 0.0117
567,4434.00, 0.0117
568,1679.00, 0.0116
569,2354.00, 0.0115
570,4764.00, 0.0115
571,2762.00, 0.0114
572,5567.00, 0.0114
573,2215.00, 0.0113
574,1139.00, 0.0113
575,3679.00, 0.0112
576,174.00, 0.0111
577,-2456.00, 0.0111
578,3486.00, 0.0110
579,8409.00, 0.0110
580,5664.00, 0.0109
581,4774.00, 0.0109
582,1014.00, 0.0108
583,1749.00, 0.0108
584,3598.00, 0.0107
585,3729.00, 0.0107
586,909.00, 0.0106
587,3213.00, 0.0105
588,5321.00, 0.0105
589,4844.00, 0.0104
590,1302.00, 0.0104
591,1529.00, 0.0103
592,1853.00, 0.0103
593,2532.00, 0.0102
594,2546.00, 0.0102
595,2824.00, 0.0101
596,672.00, 0.0101
597,2430.00, 0.0100
598,2404.00, 0.0100
599,2775.00, 0.0099
600,3424.00, 0.0099
601,1714.00, 0.0098
602,3779.00, 0.0098
603,-1647.00, 0.0097
604,3274.00, 0.0097
605,1736.00, 0.0096
606,5844.00, 0.0096
607,4603.00, 0.0095
608,5442.00, 0.0095
609,3379.00, 0.0094
610,2128.00, 0.0094
611,4492.00, 0.0094
612,2134.00, 0.0093
613,1637.00, 0.0093
614,4264.00, 0.0092
615,3444.00, 0.0092
616,4813.00, 0.0091
617,6509.00, 0.0091
618,3459.00, 0.0090
619,7811.00, 0.0090
620,5719.00, 0.0089
621,3099.00, 0.0089
622,3680.00, 0.0089
623,5508.00, 0.0088
624,1814.00, 0.0088
625,394.00, 0.0087
626,1473.00, 0.0087
627,2974.00, 0.0086
628,4832.00, 0.0086
629,354.00, 0.0085
630,883.00, 0.0085
631,2866.00, 0.0085
632,-157.00, 0.0084
633,218.00, 0.0084
634,1868.00, 0.0083
635,5382.00, 0.0083
636,-1484.00, 0.0083
637,5295.00, 0.0082
638,-343.00, 0.0082
639,4809.00, 0.0081
640,-1842.00, 0.0081
641,1279.00, 0.0080
642,-16.00, 0.0080
643,1988.00, 0.0080
644,2728.00, 0.0079
645,3833.00, 0.0079
646,2454.00, 0.0078
647,3109.00, 0.0078
648,3393.00, 0.0078
649,2839.00, 0.0077
650,3550.00, 0.0077
651,1915.00, 0.0077
652,5324.00, 0.0076
653,4040.00, 0.0076
654,1466.00, 0.0075
655,399.00, 0.0075
656,294.00, 0.0075
657,6096.00, 0.0074
658,7244.00, 0.0074
659,4329.00, 0.0074
660,4709.00, 0.0073
661,-2048.00, 0.0073
662,2489.00, 0.0072
663,1769.00, 0.0072
664,3104.00, 0.0072
665,1048.00, 0.0071
666,4492.00, 0.0071
667,4529.00, 0.0071
668,3692.00, 0.0070
669,5013.00, 0.0070
670,4776.00, 0.0070
671,4690.00, 0.0069
672,1143.00, 0.0069
673,5354.00, 0.0069
674,2793.00, 0.0068
675,1079.00, 0.0068
676,3604.00, 0.0068
677,3708.00, 0.0067
678,4638.00, 0.0067
679,2880.00, 0.0067
680,-1148.00, 0.0066
681,1804.00, 0.0066
682,2415.00, 0.0066
683,2894.00, 0.0065
684,3700.00, 0.0065
685,3584.00, 0.0065
686,5674.00, 0.0064
687,4749.00, 0.0064
688,3189.00, 0.0064
689,2966.00, 0.0063
690,5409.00, 0.0063
691,2233.00, 0.0063
692,4935.00, 0.0062
693,4349.00, 0.0062
694,4644.00, 0.0062
695,1699.00, 0.0061
696,6083.00, 0.0061
697,1924.00, 0.0061
698,3602.00, 0.0060
699,3700.00, 0.0060
700,4419.00, 0.0060
701,456.00, 0.0060
702,299.00, 0.0059
703,4458.00, 0.0059
704,3284.00, 0.0059
705,2915.00, 0.0058
706,4782.00, 0.0058
707,6129.00, 0.0058
708,2874.00, 0.0058
709,5399.00, 0.0057
710,1849.00, 0.0057
711,1454.00, 0.0057
712,409.00, 0.0056
713,144.00, 0.0056
714,4439.00, 0.0056
715,1024.00, 0.0056
716,2774.00, 0.0055
717,4011.00, 0.0055
718,5714.00, 0.0055
719,1591.00, 0.0054
720,6369.00, 0.0054
721,5344.00, 0.0054
722,2679.00, 0.0054
723,2749.00, 0.0053
724,5444.00, 0.0053
725,3123.00, 0.0053
726,4239.00, 0.0053
727,6299.00, 0.0052
728,1595.00, 0.0052
729,4943.00, 0.0052
730,5094.00, 0.0052
731,3581.00, 0.0051
732,1734.00, 0.0051
733,-1741.00, 0.0051
734,849.00, 0.0050
735,5589.00, 0.0050
736,5567.00, 0.0050
737,5599.00, 0.0050
738,2873.00, 0.0049
739,1051.00, 0.0049
740,-641.00, 0.0049
741,3267.00, 0.0049
742,5074.00, 0.0049
743,1264.00, 0.0048
744,3353.00, 0.0048
745,3438.00, 0.0048
746,-341.00, 0.0048
747,2130.00, 0.0047
748,3569.00, 0.0047
749,4578.00, 0.0047
750,2247.00, 0.0047
751,1984.00, 0.0046
752,4346.00, 0.0046
753,2783.00, 0.0046
754,-2610.00, 0.0046
755,5563.00, 0.0045
756,1864.00, 0.0045
757,3459.00, 0.0045
758,6247.00, 0.0045
759,2848.00, 0.0045
760,297.00, 0.0044
761,2444.00, 0.0044
762,2764.00, 0.0044
763,3709.00, 0.0044
764,6209.00, 0.0043
765,4134.00, 0.0043
766,2745.00, 0.0043
767,5426.00, 0.0043
768,4434.00, 0.0043
769,3759.00, 0.0042
770,4170.00, 0.0042
771,3514.00, 0.0042
772,4948.00, 0.0042
773,3240.00, 0.0042
774,4349.00, 0.0041
775,-373.00, 0.0041
776,5187.00, 0.0041
777,4599.00, 0.0041
778,2523.00, 0.0040
779,-2637.00, 0.0040
780,1749.00, 0.0040
781,6092.00, 0.0040
782,3864.00, 0.0040
783,939.00, 0.0039
784,3664.00, 0.0039
785,4355.00, 0.0039
786,1001.00, 0.0039
787,2599.00, 0.0039
788,5589.00, 0.0039
789,4564.00, 0.0038
790,2096.00, 0.0038
791,2867.00, 0.0038
792,-341.00, 0.0038
793,2282.00, 0.0038
794,-621.00, 0.0037
795,7364.00, 0.0037
796,5174.00, 0.0037
797,3119.00, 0.0037
798,3731.00, 0.0037
799,5379.00, 0.0036
800,3098.00, 0.0036
801,1378.00, 0.0036
802,2644.00, 0.0036
803,-1141.00, 0.0036
804,4339.00, 0.0036
805,3604.00, 0.0035
806,6719.00, 0.0035
807,3104.00, 0.0035
808,-923.00, 0.0035
809,4851.00, 0.0035
810,9.00, 0.0034
811,2374.00, 0.0034
812,3849.00, 0.0034
813,4373.00, 0.0034
814,6404.00, 0.0034
815,2483.00, 0.0034
816,2281.00, 0.0033
817,1719.00, 0.0033
818,-1241.00, 0.0033
819,3794.00, 0.0033
820,3962.00, 0.0033
821,2939.00, 0.0033
822,2651.00, 0.0032
823,4404.00, 0.0032
824,3291.00, 0.0032
825,3794.00, 0.0032
826,4134.00, 0.0032
827,5522.00, 0.0032
828,884.00, 0.0032
829,1793.00, 0.0031
830,7659.00, 0.0031
831,4491.00, 0.0031
832,4089.00, 0.0031
833,1609.00, 0.0031
834,4954.00, 0.0031
835,1864.00, 0.0030
836,4109.00, 0.0030
837,-995.00, 0.0030
838,2979.00, 0.0030
839,1203.00, 0.0030
840,3519.00, 0.0030
841,4239.00, 0.0030
842,1514.00, 0.0029
843,3489.00, 0.0029
844,-871.00, 0.0029
845,3089.00, 0.0029
846,3595.00, 0.0029
847,409.00, 0.0029
848,1144.00, 0.0029
849,5909.00, 0.0028
850,6971.00, 0.0028
851,4010.00, 0.0028
852,4427.00, 0.0028
853,5429.00, 0.0028
854,2654.00, 0.0028
855,6069.00, 0.0028
856,3571.00, 0.0027
857,2048.00, 0.0027
858,2938.00, 0.0027
859,5598.00, 0.0027
860,1859.00, 0.0027
861,2149.00, 0.0027
862,5194.00, 0.0027
863,5989.00, 0.0026
864,6264.00, 0.0026
865,4684.00, 0.0026
866,5259.00, 0.0026
867,4443.00, 0.0026
868,6369.00, 0.0026
869,2099.00, 0.0026
870,4539.00, 0.0026
871,5704.00, 0.0025
872,-4551.00, 0.0025
873,2584.00, 0.0025
874,5274.00, 0.0025
875,1549.00, 0.0025
876,5330.00, 0.0025
877,2034.00, 0.0025
878,1374.00, 0.0025
879,6098.00, 0.0024
880,9294.00, 0.0024
881,5721.00, 0.0024
882,5289.00, 0.0024
883,14.00, 0.0024
884,3333.00, 0.0024
885,6246.00, 0.0024
886,3859.00, 0.0024
887,4554.00, 0.0023
888,2171.00, 0.0023
889,3559.00, 0.0023
890,5570.00, 0.0023
891,6429.00, 0.0023
892,606.00, 0.0023
893,649.00, 0.0023
894,549.00, 0.0023
895,6784.00, 0.0023
896,3300.00, 0.0022
897,6645.00, 0.0022
898,4890.00, 0.0022
899,-868.00, 0.0022
900,4749.00, 0.0022
901,4250.00, 0.0022
902,3594.00, 0.0022
903,4271.00, 0.0022
904,2276.00, 0.0022
905,5084.00, 0.0021
906,5760.00, 0.0021
907,6619.00, 0.0021
908,4223.00, 0.0021
909,869.00, 0.0021
910,3674.00, 0.0021
911,3494.00, 0.0021
912,5402.00, 0.0021
913,3708.00, 0.0021
914,3314.00, 0.0020
915,4313.00, 0.0020
916,4368.00, 0.0020
917,4342.00, 0.0020
918,-426.00, 0.0020
919,4913.00, 0.0020
920,5704.00, 0.0020
921,4605.00, 0.0020
922,2253.00, 0.0020
923,7724.00, 0.0020
924,4734.00, 0.0019
925,5299.00, 0.0019
926,2955.00, 0.0019
927,4229.00, 0.0019
928,4203.00, 0.0019
929,3992.00, 0.0019
930,2134.00, 0.0019
931,3554.00, 0.0019
932,361.00, 0.0019
933,1156.00, 0.0019
934,3549.00, 0.0019
935,5288.00, 0.0018
936,2424.00, 0.0018
937,-101.00, 0.0018
938,2175.00, 0.0018
939,5342.00, 0.0018
940,2729.00, 0.0018
941,2319.00, 0.0018
942,5958.00, 0.0018
943,3559.00, 0.0018
944,3581.00, 0.0018
945,97.00, 0.0018
946,4104.00, 0.0017
947,5121.00, 0.0017
948,2534.00, 0.0017
949,1558.00, 0.0017
950,799.00, 0.0017
951,2209.00, 0.0017
952,3104.00, 0.0017
953,-1763.00, 0.0017
954,-276.00, 0.0017
955,3254.00, 0.0017
956,5343.00, 0.0017
957,6300.00, 0.0017
958,4817.00, 0.0016
959,1269.00, 0.0016
960,4045.00, 0.0016
961,3144.00, 0.0016
962,4794.00, 0.0016
963,4609.00, 0.0016
964,4279.00, 0.0016
965,2602.00, 0.0016
966,4314.00, 0.0016
967,3654.00, 0.0016
968,7443.00, 0.0016
969,2994.00, 0.0016
970,4283.00, 0.0015
971,5444.00, 0.0015
972,2627.00, 0.0015
973,4039.00, 0.0015
974,2939.00, 0.0015
975,6569.00, 0.0015
976,2256.00, 0.0015
977,3112.00, 0.0015
978,1209.00, 0.0015
979,3139.00, 0.0015
980,-946.00, 0.0015
981,4184.00, 0.0015
982,3484.00, 0.0015
983,1667.00, 0.0014
984,4014.00, 0.0014
985,7399.00, 0.0014
986,1279.00, 0.0014
987,3583.00, 0.0014
988,3422.00, 0.0014
989,3079.00, 0.0014
990,4199.00, 0.0014
991,4144.00, 0.0014
992,4359.00, 0.0014
993,4342.00, 0.0014
994,5629.00, 0.0014
995,3829.00, 0.0014
996,3889.00, 0.0014
997,3799.00, 0.0014
998,4024.00, 0.0013
999,4071.00, 0.0013
1000,5667.00, 0.0013
