Episode, Total Reward, Epsilon
1,-21323.00, 0.1990
2,-20523.00, 0.1980
3,-22843.00, 0.1970
4,-22393.00, 0.1960
5,-22893.00, 0.1950
6,-14023.00, 0.1941
7,-23106.00, 0.1931
8,-19673.00, 0.1921
9,-22813.00, 0.1912
10,-17083.00, 0.1902
11,-18653.00, 0.1893
12,-14423.00, 0.1883
13,-20053.00, 0.1874
14,-16673.00, 0.1864
15,-21383.00, 0.1855
16,-21353.00, 0.1846
17,-19673.00, 0.1837
18,-21383.00, 0.1827
19,-13123.00, 0.1818
20,-22683.00, 0.1809
21,-19573.00, 0.1800
22,-22343.00, 0.1791
23,-23053.00, 0.1782
24,-11713.00, 0.1773
25,-19553.00, 0.1764
26,-18493.00, 0.1756
27,-23103.00, 0.1747
28,-23103.00, 0.1738
29,-11743.00, 0.1729
30,-18233.00, 0.1721
31,-22923.00, 0.1712
32,-15123.00, 0.1704
33,-20123.00, 0.1695
34,-17843.00, 0.1687
35,-22493.00, 0.1678
36,-20943.00, 0.1670
37,-15533.00, 0.1661
38,-21623.00, 0.1653
39,-19823.00, 0.1645
40,-17803.00, 0.1637
41,-22853.00, 0.1628
42,-22613.00, 0.1620
43,-22133.00, 0.1612
44,-20523.00, 0.1604
45,-19903.00, 0.1596
46,-22663.00, 0.1588
47,-15873.00, 0.1580
48,-18513.00, 0.1572
49,-19603.00, 0.1564
50,-18853.00, 0.1557
51,-17073.00, 0.1549
52,-18213.00, 0.1541
53,-22513.00, 0.1533
54,-21193.00, 0.1526
55,-15683.00, 0.1518
56,-22763.00, 0.1511
57,-23053.00, 0.1503
58,-19683.00, 0.1495
59,-14423.00, 0.1488
60,-21613.00, 0.1481
61,-22803.00, 0.1473
62,-22013.00, 0.1466
63,-19223.00, 0.1458
64,-22543.00, 0.1451
65,-22023.00, 0.1444
66,-21843.00, 0.1437
67,-22093.00, 0.1429
68,-21303.00, 0.1422
69,-20023.00, 0.1415
70,-14383.00, 0.1408
71,-17803.00, 0.1401
72,-22173.00, 0.1394
73,-17603.00, 0.1387
74,-17023.00, 0.1380
75,-21113.00, 0.1373
76,-21843.00, 0.1366
77,-18903.00, 0.1360
78,-22903.00, 0.1353
79,-22143.00, 0.1346
80,-18723.00, 0.1339
81,-18423.00, 0.1333
82,-20813.00, 0.1326
83,-18633.00, 0.1319
84,-18763.00, 0.1313
85,-16703.00, 0.1306
86,-22003.00, 0.1300
87,-22463.00, 0.1293
88,-20443.00, 0.1287
89,-19393.00, 0.1280
90,-22563.00, 0.1274
91,-15303.00, 0.1267
92,-22563.00, 0.1261
93,-15033.00, 0.1255
94,-22903.00, 0.1249
95,-20626.00, 0.1242
96,-22433.00, 0.1236
97,-14173.00, 0.1230
98,-21273.00, 0.1224
99,-8693.00, 0.1218
100,-21573.00, 0.1212
101,-16603.00, 0.1205
102,-21293.00, 0.1199
103,-21963.00, 0.1193
104,-22593.00, 0.1187
105,-10003.00, 0.1182
106,-16823.00, 0.1176
107,-22403.00, 0.1170
108,-20363.00, 0.1164
109,-21233.00, 0.1158
110,-21203.00, 0.1152
111,-20293.00, 0.1147
112,-19913.00, 0.1141
113,-13793.00, 0.1135
114,-12663.00, 0.1129
115,-12333.00, 0.1124
116,-19923.00, 0.1118
117,-19223.00, 0.1113
118,-22233.00, 0.1107
119,-20443.00, 0.1101
120,-20733.00, 0.1096
121,-22403.00, 0.1090
122,-14043.00, 0.1085
123,-22163.00, 0.1080
124,-20673.00, 0.1074
125,-22326.00, 0.1069
126,-20453.00, 0.1064
127,-18423.00, 0.1058
128,-22443.00, 0.1053
129,-11993.00, 0.1048
130,-22953.00, 0.1042
131,-20533.00, 0.1037
132,-20143.00, 0.1032
133,-22063.00, 0.1027
134,-19143.00, 0.1022
135,-12343.00, 0.1017
136,-21473.00, 0.1012
137,-18453.00, 0.1006
138,-21473.00, 0.1001
139,-20183.00, 0.0996
140,-16063.00, 0.0991
141,-12173.00, 0.0986
142,-22623.00, 0.0982
143,-22493.00, 0.0977
144,-19093.00, 0.0972
145,-21193.00, 0.0967
146,-20663.00, 0.0962
147,-18713.00, 0.0957
148,-14963.00, 0.0952
149,-20343.00, 0.0948
150,-13093.00, 0.0943
151,-21393.00, 0.0938
152,-13873.00, 0.0934
153,-22753.00, 0.0929
154,-19443.00, 0.0924
155,-14893.00, 0.0920
156,-15833.00, 0.0915
157,-19943.00, 0.0910
158,-9503.00, 0.0906
159,-21183.00, 0.0901
160,-16413.00, 0.0897
161,-14603.00, 0.0892
162,-21613.00, 0.0888
163,-7943.00, 0.0883
164,-22353.00, 0.0879
165,-9803.00, 0.0875
166,-17913.00, 0.0870
167,-14883.00, 0.0866
168,-14353.00, 0.0862
169,-22593.00, 0.0857
170,-9383.00, 0.0853
171,-15713.00, 0.0849
172,-18083.00, 0.0845
173,-8523.00, 0.0840
174,-22593.00, 0.0836
175,-21693.00, 0.0832
176,-15263.00, 0.0828
177,-19153.00, 0.0824
178,-20913.00, 0.0819
179,-21433.00, 0.0815
180,-22293.00, 0.0811
181,-20493.00, 0.0807
182,-22383.00, 0.0803
183,-18543.00, 0.0799
184,-20813.00, 0.0795
185,-19303.00, 0.0791
186,-21723.00, 0.0787
187,-18273.00, 0.0783
188,-20213.00, 0.0779
189,-13383.00, 0.0776
190,-8973.00, 0.0772
191,-20913.00, 0.0768
192,-18993.00, 0.0764
193,-9513.00, 0.0760
194,-20563.00, 0.0756
195,-21903.00, 0.0753
196,-20133.00, 0.0749
197,-21453.00, 0.0745
198,-22753.00, 0.0741
199,-14523.00, 0.0738
200,-12233.00, 0.0734
201,-18563.00, 0.0730
202,-22653.00, 0.0727
203,-14693.00, 0.0723
204,-15463.00, 0.0719
205,-22873.00, 0.0716
206,-19843.00, 0.0712
207,-16863.00, 0.0709
208,-21883.00, 0.0705
209,-19623.00, 0.0702
210,-6853.00, 0.0698
211,-12513.00, 0.0695
212,-22003.00, 0.0691
213,-20373.00, 0.0688
214,-12343.00, 0.0684
215,-21126.00, 0.0681
216,-8193.00, 0.0677
217,-8983.00, 0.0674
218,-20873.00, 0.0671
219,-15183.00, 0.0667
220,-20313.00, 0.0664
221,-19823.00, 0.0661
222,-23106.00, 0.0657
223,-19233.00, 0.0654
224,-17093.00, 0.0651
225,-15003.00, 0.0647
226,2047.00, 0.0644
227,-12973.00, 0.0641
228,-16463.00, 0.0638
229,497.00, 0.0635
230,-7416.00, 0.0631
231,-17043.00, 0.0628
232,-13183.00, 0.0625
233,-17283.00, 0.0622
234,-15733.00, 0.0619
235,-20313.00, 0.0616
236,-19833.00, 0.0613
237,-17523.00, 0.0610
238,-10203.00, 0.0607
239,-20013.00, 0.0604
240,-18703.00, 0.0601
241,2227.00, 0.0598
242,-22453.00, 0.0595
243,-19823.00, 0.0592
244,-19733.00, 0.0589
245,-17323.00, 0.0586
246,-17053.00, 0.0583
247,-14743.00, 0.0580
248,-18633.00, 0.0577
249,-1243.00, 0.0574
250,-22333.00, 0.0571
251,-13713.00, 0.0568
252,-21493.00, 0.0566
253,-22193.00, 0.0563
254,-15863.00, 0.0560
255,-13653.00, 0.0557
256,-20403.00, 0.0554
257,-14973.00, 0.0552
258,-13493.00, 0.0549
259,-14703.00, 0.0546
260,-20623.00, 0.0543
261,-19423.00, 0.0541
262,-11943.00, 0.0538
263,-20873.00, 0.0535
264,-17633.00, 0.0533
265,-15473.00, 0.0530
266,-22703.00, 0.0527
267,-5453.00, 0.0525
268,-15603.00, 0.0522
269,6777.00, 0.0519
270,-20003.00, 0.0517
271,-13903.00, 0.0514
272,-15053.00, 0.0512
273,-22173.00, 0.0509
274,-22253.00, 0.0506
275,-19273.00, 0.0504
276,-2553.00, 0.0501
277,-19703.00, 0.0499
278,-21793.00, 0.0496
279,-16703.00, 0.0494
280,-22653.00, 0.0491
281,-18223.00, 0.0489
282,-21743.00, 0.0487
283,-13903.00, 0.0484
284,-12653.00, 0.0482
285,6007.00, 0.0479
286,-10083.00, 0.0477
287,-2813.00, 0.0475
288,-19933.00, 0.0472
289,-5483.00, 0.0470
290,-12643.00, 0.0467
291,-13163.00, 0.0465
292,-19693.00, 0.0463
293,-20793.00, 0.0460
294,-20053.00, 0.0458
295,-21103.00, 0.0456
296,-20843.00, 0.0454
297,-13343.00, 0.0451
298,-20763.00, 0.0449
299,-3783.00, 0.0447
300,-22723.00, 0.0445
301,-15623.00, 0.0442
302,-19593.00, 0.0440
303,-21543.00, 0.0438
304,-19333.00, 0.0436
305,-14493.00, 0.0434
306,-20246.00, 0.0431
307,-4653.00, 0.0429
308,-17303.00, 0.0427
309,-17583.00, 0.0425
310,-22773.00, 0.0423
311,-9053.00, 0.0421
312,-18453.00, 0.0419
313,10217.00, 0.0417
314,14127.00, 0.0414
315,-12893.00, 0.0412
316,-21323.00, 0.0410
317,-3123.00, 0.0408
318,-13053.00, 0.0406
319,-9893.00, 0.0404
320,-6573.00, 0.0402
321,-14803.00, 0.0400
322,-21363.00, 0.0398
323,-18473.00, 0.0396
324,-1743.00, 0.0394
325,-10833.00, 0.0392
326,-21153.00, 0.0390
327,-9503.00, 0.0388
328,-21463.00, 0.0386
329,-10803.00, 0.0384
330,-10943.00, 0.0383
331,-16603.00, 0.0381
332,-20223.00, 0.0379
333,-20653.00, 0.0377
334,-11773.00, 0.0375
335,-19913.00, 0.0373
336,-21473.00, 0.0371
337,-12573.00, 0.0369
338,-19033.00, 0.0367
339,-13113.00, 0.0366
340,-11493.00, 0.0364
341,-20713.00, 0.0362
342,-16803.00, 0.0360
343,-8963.00, 0.0358
344,-22183.00, 0.0357
345,-17443.00, 0.0355
346,-13573.00, 0.0353
347,-15393.00, 0.0351
348,-10413.00, 0.0350
349,-17393.00, 0.0348
350,-14923.00, 0.0346
351,-16723.00, 0.0344
352,-10643.00, 0.0343
353,-20583.00, 0.0341
354,-11253.00, 0.0339
355,-18483.00, 0.0337
356,-20113.00, 0.0336
357,-15803.00, 0.0334
358,-13703.00, 0.0332
359,2417.00, 0.0331
360,-22383.00, 0.0329
361,-18003.00, 0.0327
362,-18563.00, 0.0326
363,-18553.00, 0.0324
364,-2773.00, 0.0323
365,-15193.00, 0.0321
366,-6453.00, 0.0319
367,-22953.00, 0.0318
368,-6663.00, 0.0316
369,-15663.00, 0.0315
370,-19253.00, 0.0313
371,-20613.00, 0.0311
372,-23053.00, 0.0310
373,-12406.00, 0.0308
374,-21023.00, 0.0307
375,-16853.00, 0.0305
376,-22003.00, 0.0304
377,-22703.00, 0.0302
378,-20543.00, 0.0301
379,-17663.00, 0.0299
380,-16213.00, 0.0298
381,-17263.00, 0.0296
382,-13833.00, 0.0295
383,11457.00, 0.0293
384,-16303.00, 0.0292
385,-16693.00, 0.0290
386,-20563.00, 0.0289
387,-20883.00, 0.0287
388,10057.00, 0.0286
389,-19913.00, 0.0285
390,-4023.00, 0.0283
391,-21593.00, 0.0282
392,10247.00, 0.0280
393,-16953.00, 0.0279
394,-6183.00, 0.0278
395,-14643.00, 0.0276
396,-14073.00, 0.0275
397,-1633.00, 0.0273
398,-13403.00, 0.0272
399,-16343.00, 0.0271
400,-4833.00, 0.0269
401,-21403.00, 0.0268
402,-8703.00, 0.0267
403,11497.00, 0.0265
404,-19623.00, 0.0264
405,-11793.00, 0.0263
406,-20143.00, 0.0261
407,-15863.00, 0.0260
408,-8753.00, 0.0259
409,-15213.00, 0.0257
410,-20413.00, 0.0256
411,-16223.00, 0.0255
412,-10473.00, 0.0254
413,-13773.00, 0.0252
414,-20983.00, 0.0251
415,15287.00, 0.0250
416,-21363.00, 0.0249
417,-15483.00, 0.0247
418,1557.00, 0.0246
419,-22053.00, 0.0245
420,3477.00, 0.0244
421,-18293.00, 0.0242
422,1987.00, 0.0241
423,-5353.00, 0.0240
424,-18523.00, 0.0239
425,-10573.00, 0.0238
426,-14413.00, 0.0236
427,-13803.00, 0.0235
428,507.00, 0.0234
429,-12923.00, 0.0233
430,-13673.00, 0.0232
431,-16253.00, 0.0231
432,6507.00, 0.0229
433,-18773.00, 0.0228
434,-20903.00, 0.0227
435,-22313.00, 0.0226
436,-7893.00, 0.0225
437,-10963.00, 0.0224
438,-11403.00, 0.0223
439,-3173.00, 0.0221
440,-16013.00, 0.0220
441,-15123.00, 0.0219
442,-13283.00, 0.0218
443,-6103.00, 0.0217
444,1617.00, 0.0216
445,-21203.00, 0.0215
446,-20023.00, 0.0214
447,-6263.00, 0.0213
448,-17933.00, 0.0212
449,-18593.00, 0.0211
450,-22703.00, 0.0210
451,-11193.00, 0.0209
452,-11993.00, 0.0208
453,-8103.00, 0.0206
454,-3613.00, 0.0205
455,-21383.00, 0.0204
456,-22603.00, 0.0203
457,-6533.00, 0.0202
458,-9483.00, 0.0201
459,-17813.00, 0.0200
460,11037.00, 0.0199
461,-11473.00, 0.0198
462,12067.00, 0.0197
463,-22673.00, 0.0196
464,-21143.00, 0.0195
465,-5113.00, 0.0194
466,-21883.00, 0.0193
467,-5593.00, 0.0192
468,-13493.00, 0.0192
469,-17403.00, 0.0191
470,-5133.00, 0.0190
471,7697.00, 0.0189
472,-10533.00, 0.0188
473,-13413.00, 0.0187
474,-11353.00, 0.0186
475,-21803.00, 0.0185
476,-22053.00, 0.0184
477,-8263.00, 0.0183
478,-19283.00, 0.0182
479,117.00, 0.0181
480,-16563.00, 0.0180
481,-8523.00, 0.0179
482,-22773.00, 0.0179
483,-7223.00, 0.0178
484,-9149.00, 0.0177
485,-22443.00, 0.0176
486,-7423.00, 0.0175
487,11237.00, 0.0174
488,-13393.00, 0.0173
489,-15163.00, 0.0172
490,-18453.00, 0.0172
491,-19433.00, 0.0171
492,-20213.00, 0.0170
493,-21983.00, 0.0169
494,-13663.00, 0.0168
495,-1523.00, 0.0167
496,-7383.00, 0.0166
497,-16993.00, 0.0166
498,-17966.00, 0.0165
499,-16913.00, 0.0164
500,-18753.00, 0.0163
501,-7193.00, 0.0162
502,-17313.00, 0.0162
503,-20773.00, 0.0161
504,-873.00, 0.0160
505,-16873.00, 0.0159
506,-7903.00, 0.0158
507,-16793.00, 0.0158
508,-2043.00, 0.0157
509,-22253.00, 0.0156
510,-10263.00, 0.0155
511,-16643.00, 0.0154
512,-7953.00, 0.0154
513,-2123.00, 0.0153
514,-19763.00, 0.0152
515,-20223.00, 0.0151
516,-18063.00, 0.0151
517,-10563.00, 0.0150
518,-6403.00, 0.0149
519,12297.00, 0.0148
520,-22403.00, 0.0148
521,-19403.00, 0.0147
522,-15083.00, 0.0146
523,-6183.00, 0.0145
524,-18973.00, 0.0145
525,-9813.00, 0.0144
526,1717.00, 0.0143
527,-14723.00, 0.0142
528,-21043.00, 0.0142
529,5807.00, 0.0141
530,-9243.00, 0.0140
531,717.00, 0.0140
532,-983.00, 0.0139
533,-20453.00, 0.0138
534,-10733.00, 0.0138
535,-21703.00, 0.0137
536,10367.00, 0.0136
537,8167.00, 0.0136
538,-21563.00, 0.0135
539,-16333.00, 0.0134
540,-11393.00, 0.0134
541,-10603.00, 0.0133
542,-18733.00, 0.0132
543,8467.00, 0.0132
544,14507.00, 0.0131
545,-17263.00, 0.0130
546,-20803.00, 0.0130
547,-22343.00, 0.0129
548,15407.00, 0.0128
549,-22353.00, 0.0128
550,-8443.00, 0.0127
551,15077.00, 0.0126
552,-12363.00, 0.0126
553,-21313.00, 0.0125
554,-17003.00, 0.0124
555,-633.00, 0.0124
556,857.00, 0.0123
557,-11893.00, 0.0123
558,-18113.00, 0.0122
559,-21743.00, 0.0121
560,-3143.00, 0.0121
561,-21333.00, 0.0120
562,-4593.00, 0.0120
563,-21733.00, 0.0119
564,-15343.00, 0.0118
565,1027.00, 0.0118
566,-22493.00, 0.0117
567,-13043.00, 0.0117
568,-14393.00, 0.0116
569,-9233.00, 0.0115
570,-22403.00, 0.0115
571,1677.00, 0.0114
572,-14933.00, 0.0114
573,3067.00, 0.0113
574,-3023.00, 0.0113
575,-17383.00, 0.0112
576,11127.00, 0.0111
577,-11293.00, 0.0111
578,-16703.00, 0.0110
579,-21553.00, 0.0110
580,2197.00, 0.0109
581,-15263.00, 0.0109
582,-13603.00, 0.0108
583,1507.00, 0.0108
584,-13863.00, 0.0107
585,6517.00, 0.0107
586,-21463.00, 0.0106
587,-20253.00, 0.0105
588,7187.00, 0.0105
589,-11103.00, 0.0104
590,-16823.00, 0.0104
591,-2793.00, 0.0103
592,-2253.00, 0.0103
593,-4453.00, 0.0102
594,-20953.00, 0.0102
595,13020.00, 0.0101
596,-21263.00, 0.0101
597,-6893.00, 0.0100
598,10227.00, 0.0100
599,-14843.00, 0.0099
600,-18203.00, 0.0099
601,-18753.00, 0.0098
602,-20213.00, 0.0098
603,-4443.00, 0.0097
604,-11413.00, 0.0097
605,-13323.00, 0.0096
606,-5403.00, 0.0096
607,-21083.00, 0.0095
608,-10443.00, 0.0095
609,-523.00, 0.0094
610,-14323.00, 0.0094
611,-18103.00, 0.0094
612,-13263.00, 0.0093
613,5207.00, 0.0093
614,-15153.00, 0.0092
615,-17063.00, 0.0092
616,-6183.00, 0.0091
617,-15953.00, 0.0091
618,-21933.00, 0.0090
619,-19793.00, 0.0090
620,10797.00, 0.0089
621,-11643.00, 0.0089
622,-14773.00, 0.0089
623,-16883.00, 0.0088
624,-13513.00, 0.0088
625,-7273.00, 0.0087
626,-11563.00, 0.0087
627,-22263.00, 0.0086
628,-16293.00, 0.0086
629,-18313.00, 0.0085
630,6577.00, 0.0085
631,5857.00, 0.0085
632,-6763.00, 0.0084
633,-14373.00, 0.0084
634,-22273.00, 0.0083
635,-7863.00, 0.0083
636,-3603.00, 0.0083
637,2557.00, 0.0082
638,-22493.00, 0.0082
639,-16173.00, 0.0081
640,-22053.00, 0.0081
641,-7493.00, 0.0080
642,-7673.00, 0.0080
643,-4593.00, 0.0080
644,13687.00, 0.0079
645,-16803.00, 0.0079
646,-22553.00, 0.0078
647,-19243.00, 0.0078
648,-12563.00, 0.0078
649,1987.00, 0.0077
650,-12803.00, 0.0077
651,-14653.00, 0.0077
652,-18773.00, 0.0076
653,-18223.00, 0.0076
654,-21473.00, 0.0075
655,-19513.00, 0.0075
656,-18353.00, 0.0075
657,-4623.00, 0.0074
658,-7863.00, 0.0074
659,3937.00, 0.0074
660,-16813.00, 0.0073
661,-15983.00, 0.0073
662,3757.00, 0.0072
663,10537.00, 0.0072
664,8777.00, 0.0072
665,-9203.00, 0.0071
666,-18823.00, 0.0071
667,-383.00, 0.0071
668,-21343.00, 0.0070
669,15607.00, 0.0070
670,8607.00, 0.0070
671,8927.00, 0.0069
672,-9503.00, 0.0069
673,-14123.00, 0.0069
674,-13903.00, 0.0068
675,-20393.00, 0.0068
676,-21503.00, 0.0068
677,-963.00, 0.0067
678,-16983.00, 0.0067
679,-7393.00, 0.0067
680,-2373.00, 0.0066
681,-1403.00, 0.0066
682,-18633.00, 0.0066
683,13467.00, 0.0065
684,-22303.00, 0.0065
685,-9583.00, 0.0065
686,-3983.00, 0.0064
687,13317.00, 0.0064
688,-3483.00, 0.0064
689,13207.00, 0.0063
690,-9463.00, 0.0063
691,14250.00, 0.0063
692,-7013.00, 0.0062
693,-19713.00, 0.0062
694,-13203.00, 0.0062
695,10997.00, 0.0061
696,-5643.00, 0.0061
697,-14433.00, 0.0061
698,2497.00, 0.0060
699,-11383.00, 0.0060
700,-14083.00, 0.0060
701,-6163.00, 0.0060
702,-14133.00, 0.0059
703,-21456.00, 0.0059
704,-10433.00, 0.0059
705,-6003.00, 0.0058
706,14547.00, 0.0058
707,-16186.00, 0.0058
708,-14733.00, 0.0058
709,-22753.00, 0.0057
710,1027.00, 0.0057
711,-18163.00, 0.0057
712,-5023.00, 0.0056
713,-9343.00, 0.0056
714,-18843.00, 0.0056
715,7.00, 0.0056
716,-3273.00, 0.0055
717,-15193.00, 0.0055
718,-18703.00, 0.0055
719,13307.00, 0.0054
720,-15153.00, 0.0054
721,-6623.00, 0.0054
722,-22223.00, 0.0054
723,-20603.00, 0.0053
724,5807.00, 0.0053
725,-4083.00, 0.0053
726,-10963.00, 0.0053
727,-16663.00, 0.0052
728,-20143.00, 0.0052
729,6617.00, 0.0052
730,5757.00, 0.0052
731,5327.00, 0.0051
732,12617.00, 0.0051
733,15267.00, 0.0051
734,-19193.00, 0.0050
735,-3233.00, 0.0050
736,-3543.00, 0.0050
737,-13383.00, 0.0050
738,-21523.00, 0.0049
739,11297.00, 0.0049
740,11327.00, 0.0049
741,-4023.00, 0.0049
742,-13613.00, 0.0049
743,-11563.00, 0.0048
744,-22323.00, 0.0048
745,-21693.00, 0.0048
746,14207.00, 0.0048
747,-19773.00, 0.0047
748,-21043.00, 0.0047
749,607.00, 0.0047
750,6427.00, 0.0047
751,9107.00, 0.0046
752,-13233.00, 0.0046
753,-7383.00, 0.0046
754,-12003.00, 0.0046
755,8567.00, 0.0045
756,-22043.00, 0.0045
757,-2923.00, 0.0045
758,7347.00, 0.0045
759,-14983.00, 0.0045
760,-7363.00, 0.0044
761,14017.00, 0.0044
762,13577.00, 0.0044
763,10077.00, 0.0044
764,-4563.00, 0.0043
765,-19853.00, 0.0043
766,-3663.00, 0.0043
767,-16923.00, 0.0043
768,-8513.00, 0.0043
769,-563.00, 0.0042
770,-13833.00, 0.0042
771,-9943.00, 0.0042
772,-22493.00, 0.0042
773,-16243.00, 0.0042
774,-7483.00, 0.0041
775,12397.00, 0.0041
776,11897.00, 0.0041
777,6017.00, 0.0041
778,9880.00, 0.0040
779,12087.00, 0.0040
780,10737.00, 0.0040
781,-22303.00, 0.0040
782,-17693.00, 0.0040
783,-3353.00, 0.0039
784,-15343.00, 0.0039
785,11077.00, 0.0039
786,-2863.00, 0.0039
787,11307.00, 0.0039
788,-14833.00, 0.0039
789,-15943.00, 0.0038
790,-17183.00, 0.0038
791,6207.00, 0.0038
792,-17213.00, 0.0038
793,14367.00, 0.0038
794,-17003.00, 0.0037
795,-16593.00, 0.0037
796,-22143.00, 0.0037
797,-19103.00, 0.0037
798,-11203.00, 0.0037
799,-4363.00, 0.0036
800,-9583.00, 0.0036
801,12027.00, 0.0036
802,-22503.00, 0.0036
803,-10983.00, 0.0036
804,-4243.00, 0.0036
805,8037.00, 0.0035
806,-12343.00, 0.0035
807,-2113.00, 0.0035
808,-21763.00, 0.0035
809,-13393.00, 0.0035
810,7127.00, 0.0034
811,-3663.00, 0.0034
812,2847.00, 0.0034
813,-4103.00, 0.0034
814,8027.00, 0.0034
815,-14743.00, 0.0034
816,1627.00, 0.0033
817,1957.00, 0.0033
818,-18533.00, 0.0033
819,-12213.00, 0.0033
820,12737.00, 0.0033
821,-22753.00, 0.0033
822,-15953.00, 0.0032
823,-17973.00, 0.0032
824,2387.00, 0.0032
825,-10753.00, 0.0032
826,317.00, 0.0032
827,-13393.00, 0.0032
828,10787.00, 0.0032
829,-10893.00, 0.0031
830,-16093.00, 0.0031
831,-22253.00, 0.0031
832,-14733.00, 0.0031
833,-7943.00, 0.0031
834,2407.00, 0.0031
835,-9573.00, 0.0030
836,-13363.00, 0.0030
837,-2633.00, 0.0030
838,5097.00, 0.0030
839,13067.00, 0.0030
840,-4963.00, 0.0030
841,-12993.00, 0.0030
842,-20133.00, 0.0029
843,-13943.00, 0.0029
844,-20083.00, 0.0029
845,-1413.00, 0.0029
846,-8243.00, 0.0029
847,-7623.00, 0.0029
848,13907.00, 0.0029
849,-13193.00, 0.0028
850,-15403.00, 0.0028
851,-20383.00, 0.0028
852,-7863.00, 0.0028
853,14827.00, 0.0028
854,-13673.00, 0.0028
855,-8943.00, 0.0028
856,-21853.00, 0.0027
857,-14333.00, 0.0027
858,-16543.00, 0.0027
859,-19253.00, 0.0027
860,12217.00, 0.0027
861,-8073.00, 0.0027
862,-19509.00, 0.0027
863,-5923.00, 0.0026
864,-5373.00, 0.0026
865,-9723.00, 0.0026
866,2651.00, 0.0026
867,-14573.00, 0.0026
868,-13803.00, 0.0026
869,-19803.00, 0.0026
870,-21333.00, 0.0026
871,-17313.00, 0.0025
872,-12783.00, 0.0025
873,-11223.00, 0.0025
874,10177.00, 0.0025
875,-16523.00, 0.0025
876,10987.00, 0.0025
877,-1983.00, 0.0025
878,-16223.00, 0.0025
879,-5973.00, 0.0024
880,3147.00, 0.0024
881,-16413.00, 0.0024
882,-2393.00, 0.0024
883,-5043.00, 0.0024
884,12137.00, 0.0024
885,11997.00, 0.0024
886,-20623.00, 0.0024
887,13167.00, 0.0023
888,11177.00, 0.0023
889,12787.00, 0.0023
890,5367.00, 0.0023
891,1547.00, 0.0023
892,-5943.00, 0.0023
893,-21833.00, 0.0023
894,-16863.00, 0.0023
895,-19973.00, 0.0023
896,14817.00, 0.0022
897,-13093.00, 0.0022
898,-15413.00, 0.0022
899,-17323.00, 0.0022
900,11477.00, 0.0022
901,-8243.00, 0.0022
902,13967.00, 0.0022
903,-20633.00, 0.0022
904,-7143.00, 0.0022
905,-11863.00, 0.0021
906,-22363.00, 0.0021
907,-9023.00, 0.0021
908,-12443.00, 0.0021
909,-18943.00, 0.0021
910,5277.00, 0.0021
911,4167.00, 0.0021
912,-18843.00, 0.0021
913,267.00, 0.0021
914,1827.00, 0.0020
915,-21243.00, 0.0020
916,-18723.00, 0.0020
917,9497.00, 0.0020
918,-16183.00, 0.0020
919,-9533.00, 0.0020
920,11387.00, 0.0020
921,10377.00, 0.0020
922,12007.00, 0.0020
923,-21633.00, 0.0020
924,-21953.00, 0.0019
925,-22303.00, 0.0019
926,14197.00, 0.0019
927,-15433.00, 0.0019
928,-18683.00, 0.0019
929,-13433.00, 0.0019
930,-14083.00, 0.0019
931,-8573.00, 0.0019
932,-12463.00, 0.0019
933,14557.00, 0.0019
934,-12003.00, 0.0019
935,13667.00, 0.0018
936,-9703.00, 0.0018
937,-2433.00, 0.0018
938,7107.00, 0.0018
939,-475.00, 0.0018
940,-312.00, 0.0018
941,2007.00, 0.0018
942,-14763.00, 0.0018
943,-20353.00, 0.0018
944,-3053.00, 0.0018
945,12857.00, 0.0018
946,-20563.00, 0.0017
947,-20113.00, 0.0017
948,-14683.00, 0.0017
949,-19853.00, 0.0017
950,6897.00, 0.0017
951,-7903.00, 0.0017
952,-17473.00, 0.0017
953,-1423.00, 0.0017
954,-18933.00, 0.0017
955,-1863.00, 0.0017
956,13347.00, 0.0017
957,11667.00, 0.0017
958,-22603.00, 0.0016
959,-22653.00, 0.0016
960,8607.00, 0.0016
961,957.00, 0.0016
962,13007.00, 0.0016
963,-7073.00, 0.0016
964,-21103.00, 0.0016
965,-11763.00, 0.0016
966,-3213.00, 0.0016
967,-3163.00, 0.0016
968,-22703.00, 0.0016
969,17157.00, 0.0016
970,-22143.00, 0.0015
971,-2813.00, 0.0015
972,-8643.00, 0.0015
973,-16583.00, 0.0015
974,-17043.00, 0.0015
975,6157.00, 0.0015
976,-20823.00, 0.0015
977,13597.00, 0.0015
978,6887.00, 0.0015
979,87.00, 0.0015
980,-19913.00, 0.0015
981,14407.00, 0.0015
982,9597.00, 0.0015
983,3507.00, 0.0014
984,13847.00, 0.0014
985,-20633.00, 0.0014
986,12577.00, 0.0014
987,-17763.00, 0.0014
988,-13663.00, 0.0014
989,-17503.00, 0.0014
990,-17603.00, 0.0014
991,6918.00, 0.0014
992,4217.00, 0.0014
993,-8823.00, 0.0014
994,-22603.00, 0.0014
995,12117.00, 0.0014
996,-4583.00, 0.0014
997,-15343.00, 0.0014
998,-663.00, 0.0013
999,-16563.00, 0.0013
1000,13737.00, 0.0013
