Episode, Total Reward, Epsilon
0,-26925.00,0.1990
1,-23775.00,0.1980
2,-26255.00,0.1970
3,-28780.00,0.1960
4,-23865.00,0.1950
5,-25235.00,0.1941
6,-25030.00,0.1931
7,-24030.00,0.1921
8,-26685.00,0.1912
9,-24060.00,0.1902
10,-24905.00,0.1893
11,-28855.00,0.1883
12,-23695.00,0.1874
13,-25730.00,0.1864
14,-22735.00,0.1855
15,-23230.00,0.1846
16,-24790.00,0.1837
17,-25680.00,0.1827
18,-23030.00,0.1818
19,-25890.00,0.1809
20,-22405.00,0.1800
21,-25700.00,0.1791
22,-25880.00,0.1782
23,-22660.00,0.1773
24,-21295.00,0.1764
25,-24860.00,0.1756
26,-22530.00,0.1747
27,-21290.00,0.1738
28,-21820.00,0.1729
29,-24015.00,0.1721
30,-23435.00,0.1712
31,-21705.00,0.1704
32,-26505.00,0.1695
33,-22890.00,0.1687
34,-19760.00,0.1678
35,-21780.00,0.1670
36,-22080.00,0.1661
37,-19240.00,0.1653
38,-22380.00,0.1645
39,-22230.00,0.1637
40,-19615.00,0.1628
41,-22205.00,0.1620
42,-24065.00,0.1612
43,-25585.00,0.1604
44,-21745.00,0.1596
45,-22335.00,0.1588
46,-20640.00,0.1580
47,-19925.00,0.1572
48,-24355.00,0.1564
49,-16020.00,0.1557
50,-26340.00,0.1549
51,-18710.00,0.1541
52,-21165.00,0.1533
53,-21375.00,0.1526
54,-21220.00,0.1518
55,-24040.00,0.1511
56,-20890.00,0.1503
57,-15450.00,0.1495
58,-19785.00,0.1488
59,-20830.00,0.1481
60,-24410.00,0.1473
61,-19190.00,0.1466
62,-24570.00,0.1458
63,-18715.00,0.1451
64,-19885.00,0.1444
65,-21865.00,0.1437
66,-23225.00,0.1429
67,-20995.00,0.1422
68,-20255.00,0.1415
69,-20720.00,0.1408
70,-19230.00,0.1401
71,-18350.00,0.1394
72,-21025.00,0.1387
73,-20000.00,0.1380
74,-18595.00,0.1373
75,-22255.00,0.1366
76,-19440.00,0.1360
77,-20820.00,0.1353
78,-17445.00,0.1346
79,-18940.00,0.1339
80,-17670.00,0.1333
81,-20750.00,0.1326
82,-22655.00,0.1319
83,-18720.00,0.1313
84,-21160.00,0.1306
85,-17825.00,0.1300
86,-21700.00,0.1293
87,-18315.00,0.1287
88,-18505.00,0.1280
89,-18650.00,0.1274
90,-21265.00,0.1267
91,-23425.00,0.1261
92,-15275.00,0.1255
93,-16415.00,0.1249
94,-19220.00,0.1242
95,-16850.00,0.1236
96,-17370.00,0.1230
97,-20540.00,0.1224
98,-22655.00,0.1218
99,-16310.00,0.1212
100,-14935.00,0.1205
101,-19105.00,0.1199
102,-16300.00,0.1193
103,-18345.00,0.1187
104,-20930.00,0.1182
105,-22000.00,0.1176
106,-22100.00,0.1170
107,-16205.00,0.1164
108,-16455.00,0.1158
109,-17155.00,0.1152
110,-17585.00,0.1147
111,-21480.00,0.1141
112,-17750.00,0.1135
113,-12045.00,0.1129
114,-17755.00,0.1124
115,-14330.00,0.1118
116,-15180.00,0.1113
117,-16335.00,0.1107
118,-13770.00,0.1101
119,-18290.00,0.1096
120,-16655.00,0.1090
121,-21980.00,0.1085
122,-16730.00,0.1080
123,-18210.00,0.1074
124,-17175.00,0.1069
125,-18725.00,0.1064
126,-14845.00,0.1058
127,-18445.00,0.1053
128,-21375.00,0.1048
129,-24035.00,0.1042
130,-15590.00,0.1037
131,-15745.00,0.1032
132,-12695.00,0.1027
133,-8485.00,0.1022
134,-11590.00,0.1017
135,-15945.00,0.1012
136,-20015.00,0.1006
137,-16445.00,0.1001
138,-14245.00,0.0996
139,-12330.00,0.0991
140,-11570.00,0.0986
141,-14940.00,0.0982
142,-14515.00,0.0977
143,-6700.00,0.0972
144,-14715.00,0.0967
145,-10200.00,0.0962
146,-18075.00,0.0957
147,-16155.00,0.0952
148,-16745.00,0.0948
149,-15860.00,0.0943
150,-13980.00,0.0938
151,-13450.00,0.0934
152,-6715.00,0.0929
153,-15660.00,0.0924
154,-8855.00,0.0920
155,-9475.00,0.0915
156,-11105.00,0.0910
157,-16370.00,0.0906
158,-13180.00,0.0901
159,-11115.00,0.0897
160,-11590.00,0.0892
161,-20510.00,0.0888
162,-13175.00,0.0883
163,-5145.00,0.0879
164,-9375.00,0.0875
165,-6470.00,0.0870
166,-5625.00,0.0866
167,-19175.00,0.0862
168,-11065.00,0.0857
169,-8130.00,0.0853
170,-14580.00,0.0849
171,-10200.00,0.0845
172,-11755.00,0.0840
173,-3665.00,0.0836
174,-5295.00,0.0832
175,-5530.00,0.0828
176,-9030.00,0.0824
177,-11510.00,0.0819
178,-11580.00,0.0815
179,-12565.00,0.0811
180,-17140.00,0.0807
181,-2670.00,0.0803
182,-10830.00,0.0799
183,-10770.00,0.0795
184,-3545.00,0.0791
185,-9875.00,0.0787
186,-8670.00,0.0783
187,-3255.00,0.0779
188,-3960.00,0.0776
189,-1365.00,0.0772
190,-10240.00,0.0768
191,-2685.00,0.0764
192,-13850.00,0.0760
193,-4860.00,0.0756
194,-12070.00,0.0753
195,-9810.00,0.0749
196,-2595.00,0.0745
197,985.00,0.0741
198,-12675.00,0.0738
199,-15085.00,0.0734
200,-2040.00,0.0730
201,1885.00,0.0727
202,160.00,0.0723
203,-8880.00,0.0719
204,-1570.00,0.0716
205,-3470.00,0.0712
206,-4560.00,0.0709
207,6640.00,0.0705
208,-1210.00,0.0702
209,-2495.00,0.0698
210,-1885.00,0.0695
211,-2520.00,0.0691
212,2675.00,0.0688
213,-2280.00,0.0684
214,1270.00,0.0681
215,2995.00,0.0677
216,-3090.00,0.0674
217,8340.00,0.0671
218,-1125.00,0.0667
219,-4365.00,0.0664
220,1140.00,0.0661
221,4465.00,0.0657
222,-6275.00,0.0654
223,1160.00,0.0651
224,1480.00,0.0647
225,-4200.00,0.0644
226,-95.00,0.0641
227,190.00,0.0638
228,1685.00,0.0635
229,-1650.00,0.0631
230,2940.00,0.0628
231,3700.00,0.0625
232,-465.00,0.0622
233,830.00,0.0619
234,3425.00,0.0616
235,1585.00,0.0613
236,-705.00,0.0610
237,4005.00,0.0607
238,-2010.00,0.0604
239,5475.00,0.0601
240,3490.00,0.0598
241,8810.00,0.0595
242,6605.00,0.0592
243,2270.00,0.0589
244,355.00,0.0586
245,9035.00,0.0583
246,9500.00,0.0580
247,-2820.00,0.0577
248,-2220.00,0.0574
249,10890.00,0.0571
250,2865.00,0.0568
251,3905.00,0.0566
252,-1545.00,0.0563
253,1705.00,0.0560
254,940.00,0.0557
255,7985.00,0.0554
256,5405.00,0.0552
257,-1165.00,0.0549
258,-6490.00,0.0546
259,-4035.00,0.0543
260,9920.00,0.0541
261,-3160.00,0.0538
262,685.00,0.0535
263,770.00,0.0533
264,-320.00,0.0530
265,11065.00,0.0527
266,4085.00,0.0525
267,1805.00,0.0522
268,5235.00,0.0519
269,8730.00,0.0517
270,2850.00,0.0514
271,-565.00,0.0512
272,30.00,0.0509
273,3725.00,0.0506
274,6215.00,0.0504
275,220.00,0.0501
276,-540.00,0.0499
277,4640.00,0.0496
278,-825.00,0.0494
279,13540.00,0.0491
280,-1145.00,0.0489
281,7775.00,0.0487
282,4360.00,0.0484
283,8880.00,0.0482
284,2620.00,0.0479
285,575.00,0.0477
286,1855.00,0.0475
287,665.00,0.0472
288,7320.00,0.0470
289,1550.00,0.0467
290,7700.00,0.0465
291,15975.00,0.0463
292,2960.00,0.0460
293,7190.00,0.0458
294,10450.00,0.0456
295,5195.00,0.0454
296,12480.00,0.0451
297,2180.00,0.0449
298,-1785.00,0.0447
299,6935.00,0.0445
300,1610.00,0.0442
301,4595.00,0.0440
302,250.00,0.0438
303,-1540.00,0.0436
304,5320.00,0.0434
305,2250.00,0.0431
306,8475.00,0.0429
307,3815.00,0.0427
308,-1260.00,0.0425
309,5615.00,0.0423
310,-1580.00,0.0421
311,1430.00,0.0419
312,2310.00,0.0417
313,2055.00,0.0414
314,3215.00,0.0412
315,485.00,0.0410
316,-1855.00,0.0408
317,5690.00,0.0406
318,4350.00,0.0404
319,4610.00,0.0402
320,10355.00,0.0400
321,1715.00,0.0398
322,10805.00,0.0396
323,11840.00,0.0394
324,-2465.00,0.0392
325,2165.00,0.0390
326,-1995.00,0.0388
327,1290.00,0.0386
328,-3285.00,0.0384
329,10650.00,0.0383
330,2725.00,0.0381
331,-6095.00,0.0379
332,-9640.00,0.0377
333,-1750.00,0.0375
334,8685.00,0.0373
335,660.00,0.0371
336,4225.00,0.0369
337,6610.00,0.0367
338,11820.00,0.0366
339,4190.00,0.0364
340,5540.00,0.0362
341,12185.00,0.0360
342,-3495.00,0.0358
343,-1320.00,0.0357
344,7700.00,0.0355
345,4995.00,0.0353
346,-2560.00,0.0351
347,4540.00,0.0350
348,2845.00,0.0348
349,-4785.00,0.0346
350,7375.00,0.0344
351,655.00,0.0343
352,3240.00,0.0341
353,2415.00,0.0339
354,5190.00,0.0337
355,1575.00,0.0336
356,630.00,0.0334
357,3440.00,0.0332
358,4040.00,0.0331
359,9240.00,0.0329
360,12980.00,0.0327
361,1765.00,0.0326
362,2520.00,0.0324
363,2755.00,0.0323
364,9300.00,0.0321
365,8930.00,0.0319
366,-8200.00,0.0318
367,-270.00,0.0316
368,-235.00,0.0315
369,7015.00,0.0313
370,6385.00,0.0311
371,12445.00,0.0310
372,8125.00,0.0308
373,12120.00,0.0307
374,5000.00,0.0305
375,6690.00,0.0304
376,14275.00,0.0302
377,2055.00,0.0301
378,-2030.00,0.0299
379,8570.00,0.0298
380,5575.00,0.0296
381,8725.00,0.0295
382,11795.00,0.0293
383,4135.00,0.0292
384,1225.00,0.0290
385,5795.00,0.0289
386,3430.00,0.0287
387,4185.00,0.0286
388,7885.00,0.0285
389,-315.00,0.0283
390,1380.00,0.0282
391,6250.00,0.0280
392,5250.00,0.0279
393,2460.00,0.0278
394,3490.00,0.0276
395,3990.00,0.0275
396,-320.00,0.0273
397,10485.00,0.0272
398,3130.00,0.0271
399,-1935.00,0.0269
400,7015.00,0.0268
401,2530.00,0.0267
402,-715.00,0.0265
403,6140.00,0.0264
404,4430.00,0.0263
405,9855.00,0.0261
406,5140.00,0.0260
407,5590.00,0.0259
408,2360.00,0.0257
409,4655.00,0.0256
410,3545.00,0.0255
411,2500.00,0.0254
412,-675.00,0.0252
413,4645.00,0.0251
414,-1785.00,0.0250
415,870.00,0.0249
416,3615.00,0.0247
417,-1970.00,0.0246
418,-825.00,0.0245
419,9220.00,0.0244
420,-305.00,0.0242
421,6300.00,0.0241
422,6390.00,0.0240
423,4565.00,0.0239
424,9830.00,0.0238
425,1235.00,0.0236
426,3315.00,0.0235
427,2355.00,0.0234
428,3155.00,0.0233
429,2565.00,0.0232
430,3955.00,0.0231
431,3055.00,0.0229
432,-3495.00,0.0228
433,6180.00,0.0227
434,7925.00,0.0226
435,12965.00,0.0225
436,7775.00,0.0224
437,1705.00,0.0223
438,4880.00,0.0221
439,5565.00,0.0220
440,3880.00,0.0219
441,9495.00,0.0218
442,1025.00,0.0217
443,650.00,0.0216
444,7735.00,0.0215
445,60.00,0.0214
446,11565.00,0.0213
447,8855.00,0.0212
448,3255.00,0.0211
449,3540.00,0.0210
450,11245.00,0.0209
451,8135.00,0.0208
452,3865.00,0.0206
453,-600.00,0.0205
454,6070.00,0.0204
455,2385.00,0.0203
456,1810.00,0.0202
457,-1015.00,0.0201
458,1210.00,0.0200
459,990.00,0.0199
460,1020.00,0.0198
461,4460.00,0.0197
462,5640.00,0.0196
463,2600.00,0.0195
464,11265.00,0.0194
465,3235.00,0.0193
466,4810.00,0.0192
467,-2800.00,0.0192
468,6815.00,0.0191
469,5795.00,0.0190
470,13630.00,0.0189
471,2305.00,0.0188
472,12770.00,0.0187
473,9640.00,0.0186
474,2335.00,0.0185
475,-515.00,0.0184
476,3245.00,0.0183
477,1995.00,0.0182
478,12140.00,0.0181
479,-5545.00,0.0180
480,8665.00,0.0179
481,6385.00,0.0179
482,2790.00,0.0178
483,4875.00,0.0177
484,1795.00,0.0176
485,8210.00,0.0175
486,780.00,0.0174
487,-290.00,0.0173
488,-2640.00,0.0172
489,-2985.00,0.0172
490,2305.00,0.0171
491,6655.00,0.0170
492,7410.00,0.0169
493,-6640.00,0.0168
494,17245.00,0.0167
495,160.00,0.0166
496,14565.00,0.0166
497,2165.00,0.0165
498,8090.00,0.0164
499,4985.00,0.0163
500,-2535.00,0.0162
501,3520.00,0.0162
502,5115.00,0.0161
503,-3260.00,0.0160
504,4955.00,0.0159
505,3655.00,0.0158
506,1290.00,0.0158
507,5875.00,0.0157
508,-1855.00,0.0156
509,7885.00,0.0155
510,600.00,0.0154
511,-445.00,0.0154
512,5840.00,0.0153
513,6415.00,0.0152
514,2130.00,0.0151
515,4145.00,0.0151
516,5695.00,0.0150
517,-1320.00,0.0149
518,1695.00,0.0148
519,-4730.00,0.0148
520,3715.00,0.0147
521,-1315.00,0.0146
522,8895.00,0.0145
523,-665.00,0.0145
524,-970.00,0.0144
525,1805.00,0.0143
526,-1390.00,0.0142
527,7255.00,0.0142
528,4815.00,0.0141
529,635.00,0.0140
530,3290.00,0.0140
531,6135.00,0.0139
532,2445.00,0.0138
533,3915.00,0.0138
534,4340.00,0.0137
535,0.00,0.0136
536,-595.00,0.0136
537,5300.00,0.0135
538,5585.00,0.0134
539,-2435.00,0.0134
540,1585.00,0.0133
541,1065.00,0.0132
542,200.00,0.0132
543,15815.00,0.0131
544,305.00,0.0130
545,5180.00,0.0130
546,1625.00,0.0129
547,9740.00,0.0128
548,6425.00,0.0128
549,11115.00,0.0127
550,16325.00,0.0126
551,370.00,0.0126
552,17540.00,0.0125
553,790.00,0.0124
554,17835.00,0.0124
555,615.00,0.0123
556,9060.00,0.0123
557,12505.00,0.0122
558,-780.00,0.0121
559,-895.00,0.0121
560,6275.00,0.0120
561,14840.00,0.0120
562,16800.00,0.0119
563,3430.00,0.0118
564,15105.00,0.0118
565,-2295.00,0.0117
566,480.00,0.0117
567,725.00,0.0116
568,-3515.00,0.0115
569,-2115.00,0.0115
570,2895.00,0.0114
571,5050.00,0.0114
572,-160.00,0.0113
573,2375.00,0.0113
574,3995.00,0.0112
575,-2220.00,0.0111
576,9825.00,0.0111
577,16950.00,0.0110
578,10515.00,0.0110
579,-855.00,0.0109
580,-1300.00,0.0109
581,-5835.00,0.0108
582,5730.00,0.0108
583,2265.00,0.0107
584,1495.00,0.0107
585,945.00,0.0106
586,-2790.00,0.0105
587,1695.00,0.0105
588,12815.00,0.0104
589,-1035.00,0.0104
590,17380.00,0.0103
591,2405.00,0.0103
592,6275.00,0.0102
593,1890.00,0.0102
594,12985.00,0.0101
595,3200.00,0.0101
596,1605.00,0.0100
597,4310.00,0.0100
598,-3190.00,0.0099
599,2305.00,0.0099
600,-660.00,0.0098
601,-2090.00,0.0098
602,3215.00,0.0097
603,395.00,0.0097
604,975.00,0.0096
605,-2580.00,0.0096
606,11865.00,0.0095
607,4290.00,0.0095
608,-1140.00,0.0094
609,6800.00,0.0094
610,12205.00,0.0094
611,1235.00,0.0093
612,2620.00,0.0093
613,9310.00,0.0092
614,-1955.00,0.0092
615,3060.00,0.0091
616,1785.00,0.0091
617,10790.00,0.0090
618,755.00,0.0090
619,8120.00,0.0089
620,-895.00,0.0089
621,660.00,0.0089
622,-1000.00,0.0088
623,725.00,0.0088
624,-3845.00,0.0087
625,1550.00,0.0087
626,-1505.00,0.0086
627,9170.00,0.0086
628,7510.00,0.0085
629,-460.00,0.0085
630,9595.00,0.0085
631,7325.00,0.0084
632,8440.00,0.0084
633,-2710.00,0.0083
634,11380.00,0.0083
635,7615.00,0.0083
636,-4055.00,0.0082
637,8125.00,0.0082
638,3380.00,0.0081
639,14700.00,0.0081
640,6810.00,0.0080
641,4785.00,0.0080
642,-10.00,0.0080
643,3965.00,0.0079
644,5655.00,0.0079
645,-2450.00,0.0078
646,895.00,0.0078
647,-590.00,0.0078
648,5150.00,0.0077
649,-1655.00,0.0077
650,3310.00,0.0077
651,9240.00,0.0076
652,6700.00,0.0076
653,-3725.00,0.0075
654,575.00,0.0075
655,6920.00,0.0075
656,1270.00,0.0074
657,5795.00,0.0074
658,1645.00,0.0074
659,4150.00,0.0073
660,200.00,0.0073
661,815.00,0.0072
662,360.00,0.0072
663,-200.00,0.0072
664,15125.00,0.0071
665,3520.00,0.0071
666,10690.00,0.0071
667,4805.00,0.0070
668,-25.00,0.0070
669,17000.00,0.0070
670,1540.00,0.0069
671,-440.00,0.0069
672,-535.00,0.0069
673,6255.00,0.0068
674,9365.00,0.0068
675,5735.00,0.0068
676,4490.00,0.0067
677,17840.00,0.0067
678,4975.00,0.0067
679,-115.00,0.0066
680,8600.00,0.0066
681,-795.00,0.0066
682,-1720.00,0.0065
683,18325.00,0.0065
684,485.00,0.0065
685,4845.00,0.0064
686,-2295.00,0.0064
687,240.00,0.0064
688,1070.00,0.0063
689,-245.00,0.0063
690,185.00,0.0063
691,13950.00,0.0062
692,14435.00,0.0062
693,4735.00,0.0062
694,-2520.00,0.0061
695,3925.00,0.0061
696,220.00,0.0061
697,-1965.00,0.0060
698,5060.00,0.0060
699,9995.00,0.0060
700,4850.00,0.0060
701,17740.00,0.0059
702,1450.00,0.0059
703,570.00,0.0059
704,9785.00,0.0058
705,-1420.00,0.0058
706,-1945.00,0.0058
707,-1600.00,0.0058
708,2320.00,0.0057
709,4335.00,0.0057
710,17505.00,0.0057
711,115.00,0.0056
712,-460.00,0.0056
713,16735.00,0.0056
714,-1510.00,0.0056
715,125.00,0.0055
716,960.00,0.0055
717,1280.00,0.0055
718,-665.00,0.0054
719,7840.00,0.0054
720,-2650.00,0.0054
721,-1595.00,0.0054
722,-960.00,0.0053
723,11695.00,0.0053
724,5755.00,0.0053
725,10905.00,0.0053
726,5505.00,0.0052
727,11100.00,0.0052
728,8840.00,0.0052
729,740.00,0.0052
730,5890.00,0.0051
731,6230.00,0.0051
732,2560.00,0.0051
733,8490.00,0.0050
734,6445.00,0.0050
735,18420.00,0.0050
736,17005.00,0.0050
737,2695.00,0.0049
738,8495.00,0.0049
739,3720.00,0.0049
740,1520.00,0.0049
741,6720.00,0.0049
742,115.00,0.0048
743,2980.00,0.0048
744,11115.00,0.0048
745,-2190.00,0.0048
746,16900.00,0.0047
747,11740.00,0.0047
748,700.00,0.0047
749,-2725.00,0.0047
750,90.00,0.0046
751,-640.00,0.0046
752,11800.00,0.0046
753,4415.00,0.0046
754,-665.00,0.0045
755,5375.00,0.0045
756,-25.00,0.0045
757,2250.00,0.0045
758,15.00,0.0045
759,640.00,0.0044
760,3750.00,0.0044
761,-1305.00,0.0044
762,7745.00,0.0044
763,1585.00,0.0043
764,1820.00,0.0043
765,2395.00,0.0043
766,2950.00,0.0043
767,10000.00,0.0043
768,6955.00,0.0042
769,-3525.00,0.0042
770,-4940.00,0.0042
771,-705.00,0.0042
772,-2045.00,0.0042
773,-3785.00,0.0041
774,-2735.00,0.0041
775,-3110.00,0.0041
776,3900.00,0.0041
777,-1785.00,0.0040
778,-1620.00,0.0040
779,-3010.00,0.0040
780,10305.00,0.0040
781,-1055.00,0.0040
782,740.00,0.0039
783,2920.00,0.0039
784,-280.00,0.0039
785,-2435.00,0.0039
786,5805.00,0.0039
787,-4050.00,0.0039
788,-2335.00,0.0038
789,-3690.00,0.0038
790,10215.00,0.0038
791,5030.00,0.0038
792,150.00,0.0038
793,10065.00,0.0037
794,-1535.00,0.0037
795,-1750.00,0.0037
796,-2280.00,0.0037
797,-2075.00,0.0037
798,-1975.00,0.0036
799,-3340.00,0.0036
800,7855.00,0.0036
801,3600.00,0.0036
802,-1320.00,0.0036
803,-1185.00,0.0036
804,2375.00,0.0035
805,14495.00,0.0035
806,1570.00,0.0035
807,-910.00,0.0035
808,4660.00,0.0035
809,3375.00,0.0034
810,1430.00,0.0034
811,8630.00,0.0034
812,3270.00,0.0034
813,4230.00,0.0034
814,-2775.00,0.0034
815,18500.00,0.0033
816,-2745.00,0.0033
817,-3120.00,0.0033
818,495.00,0.0033
819,4160.00,0.0033
820,-1860.00,0.0033
821,-870.00,0.0032
822,12900.00,0.0032
823,14610.00,0.0032
824,-1445.00,0.0032
825,16420.00,0.0032
826,620.00,0.0032
827,4980.00,0.0032
828,2920.00,0.0031
829,11105.00,0.0031
830,14560.00,0.0031
831,17075.00,0.0031
832,3055.00,0.0031
833,5215.00,0.0031
834,18695.00,0.0030
835,15715.00,0.0030
836,-1640.00,0.0030
837,4655.00,0.0030
838,-1125.00,0.0030
839,-4105.00,0.0030
840,645.00,0.0030
841,10525.00,0.0029
842,-3195.00,0.0029
843,17690.00,0.0029
844,16590.00,0.0029
845,17875.00,0.0029
846,-870.00,0.0029
847,3655.00,0.0029
848,-5820.00,0.0028
849,-1010.00,0.0028
850,-995.00,0.0028
851,-1275.00,0.0028
852,2770.00,0.0028
853,-2835.00,0.0028
854,8315.00,0.0028
855,1595.00,0.0027
856,1530.00,0.0027
857,-2185.00,0.0027
858,-2270.00,0.0027
859,3435.00,0.0027
860,-1725.00,0.0027
861,-2050.00,0.0027
862,8830.00,0.0026
863,-4210.00,0.0026
864,-550.00,0.0026
865,5175.00,0.0026
866,-3585.00,0.0026
867,1050.00,0.0026
868,-1055.00,0.0026
869,9200.00,0.0026
870,-935.00,0.0025
871,7600.00,0.0025
872,15660.00,0.0025
873,850.00,0.0025
874,-2080.00,0.0025
875,17985.00,0.0025
876,3745.00,0.0025
877,6775.00,0.0025
878,7910.00,0.0024
879,-1220.00,0.0024
880,430.00,0.0024
881,13270.00,0.0024
882,15440.00,0.0024
883,-515.00,0.0024
884,-1230.00,0.0024
885,2635.00,0.0024
886,-1565.00,0.0023
887,2010.00,0.0023
888,12655.00,0.0023
889,-1845.00,0.0023
890,1515.00,0.0023
891,5815.00,0.0023
892,-2345.00,0.0023
893,-1775.00,0.0023
894,-3070.00,0.0023
895,1670.00,0.0022
896,-1170.00,0.0022
897,7165.00,0.0022
898,6320.00,0.0022
899,-1740.00,0.0022
900,-85.00,0.0022
901,16990.00,0.0022
902,1915.00,0.0022
903,-690.00,0.0022
904,14715.00,0.0021
905,-2265.00,0.0021
906,8105.00,0.0021
907,18255.00,0.0021
908,6115.00,0.0021
909,-2710.00,0.0021
910,1795.00,0.0021
911,6145.00,0.0021
912,-1930.00,0.0021
913,4510.00,0.0020
914,-2615.00,0.0020
915,4560.00,0.0020
916,-65.00,0.0020
917,8225.00,0.0020
918,1310.00,0.0020
919,4620.00,0.0020
920,-1910.00,0.0020
921,-1505.00,0.0020
922,-805.00,0.0020
923,11610.00,0.0019
924,305.00,0.0019
925,17020.00,0.0019
926,16300.00,0.0019
927,7450.00,0.0019
928,835.00,0.0019
929,-2100.00,0.0019
930,6745.00,0.0019
931,2305.00,0.0019
932,625.00,0.0019
933,-870.00,0.0019
934,8085.00,0.0018
935,-800.00,0.0018
936,-875.00,0.0018
937,-65.00,0.0018
938,3770.00,0.0018
939,355.00,0.0018
940,3790.00,0.0018
941,-2595.00,0.0018
942,18370.00,0.0018
943,10400.00,0.0018
944,4955.00,0.0018
945,2095.00,0.0017
946,1185.00,0.0017
947,4000.00,0.0017
948,-1750.00,0.0017
949,-2080.00,0.0017
950,-895.00,0.0017
951,8695.00,0.0017
952,615.00,0.0017
953,2120.00,0.0017
954,-610.00,0.0017
955,2650.00,0.0017
956,2305.00,0.0017
957,2210.00,0.0016
958,12890.00,0.0016
959,-475.00,0.0016
960,3860.00,0.0016
961,3765.00,0.0016
962,-2775.00,0.0016
963,130.00,0.0016
964,-2280.00,0.0016
965,-1070.00,0.0016
966,2905.00,0.0016
967,-1430.00,0.0016
968,-3300.00,0.0016
969,1490.00,0.0015
970,-2755.00,0.0015
971,12155.00,0.0015
972,14995.00,0.0015
973,18085.00,0.0015
974,-2725.00,0.0015
975,-990.00,0.0015
976,11840.00,0.0015
977,9000.00,0.0015
978,6275.00,0.0015
979,4285.00,0.0015
980,-1225.00,0.0015
981,6345.00,0.0015
982,1055.00,0.0014
983,5555.00,0.0014
984,7305.00,0.0014
985,2750.00,0.0014
986,-1725.00,0.0014
987,-1945.00,0.0014
988,17070.00,0.0014
989,1230.00,0.0014
990,1520.00,0.0014
991,2670.00,0.0014
992,-135.00,0.0014
993,-3270.00,0.0014
994,-3990.00,0.0014
995,13380.00,0.0014
996,1575.00,0.0014
997,675.00,0.0013
998,-2250.00,0.0013
999,900.00,0.0013
