Episode, Total Reward, Epsilon
1,-19011.00, 0.1990
2,-37221.00, 0.1980
3,-6021.00, 0.1970
4,-24786.00, 0.1960
5,-12531.00, 0.1950
6,-31586.00, 0.1941
7,-15406.00, 0.1931
8,-14346.00, 0.1921
9,-12951.00, 0.1912
10,-20911.00, 0.1902
11,-44596.00, 0.1893
12,-33106.00, 0.1883
13,-11086.00, 0.1874
14,-27746.00, 0.1864
15,-24931.00, 0.1855
16,-14981.00, 0.1846
17,-10951.00, 0.1837
18,-27116.00, 0.1827
19,-8121.00, 0.1818
20,-7021.00, 0.1809
21,-17451.00, 0.1800
22,-18601.00, 0.1791
23,-14991.00, 0.1782
24,-10206.00, 0.1773
25,-8596.00, 0.1764
26,-12096.00, 0.1756
27,-16776.00, 0.1747
28,-7941.00, 0.1738
29,-9891.00, 0.1729
30,-20786.00, 0.1721
31,-27766.00, 0.1712
32,-14891.00, 0.1704
33,-21506.00, 0.1695
34,-15206.00, 0.1687
35,-9346.00, 0.1678
36,-29446.00, 0.1670
37,-23766.00, 0.1661
38,-4781.00, 0.1653
39,-21251.00, 0.1645
40,-12841.00, 0.1637
41,-14341.00, 0.1628
42,-18911.00, 0.1620
43,-7551.00, 0.1612
44,-15906.00, 0.1604
45,-9111.00, 0.1596
46,-15451.00, 0.1588
47,-46071.00, 0.1580
48,-11406.00, 0.1572
49,-18861.00, 0.1564
50,-16906.00, 0.1557
51,-34641.00, 0.1549
52,-15801.00, 0.1541
53,-9256.00, 0.1533
54,-11521.00, 0.1526
55,-14616.00, 0.1518
56,-14386.00, 0.1511
57,-19051.00, 0.1503
58,-22376.00, 0.1495
59,-11651.00, 0.1488
60,-30116.00, 0.1481
61,-14111.00, 0.1473
62,-18536.00, 0.1466
63,-10016.00, 0.1458
64,-15636.00, 0.1451
65,-13456.00, 0.1444
66,-13751.00, 0.1437
67,-22671.00, 0.1429
68,-32476.00, 0.1422
69,-8746.00, 0.1415
70,-12341.00, 0.1408
71,-8741.00, 0.1401
72,-8751.00, 0.1394
73,-6971.00, 0.1387
74,-2728.00, 0.1380
75,-6721.00, 0.1373
76,-15316.00, 0.1366
77,-4596.00, 0.1360
78,-9451.00, 0.1353
79,-26841.00, 0.1346
80,-9476.00, 0.1339
81,-21976.00, 0.1333
82,-11451.00, 0.1326
83,-8836.00, 0.1319
84,-7051.00, 0.1313
85,-7586.00, 0.1306
86,-8231.00, 0.1300
87,-6306.00, 0.1293
88,-24081.00, 0.1287
89,-10641.00, 0.1280
90,-16076.00, 0.1274
91,-20006.00, 0.1267
92,-15266.00, 0.1261
93,-17641.00, 0.1255
94,-16941.00, 0.1249
95,-16016.00, 0.1242
96,-5726.00, 0.1236
97,-15081.00, 0.1230
98,-42891.00, 0.1224
99,-13241.00, 0.1218
100,-9781.00, 0.1212
101,-12516.00, 0.1205
102,-10341.00, 0.1199
103,-5561.00, 0.1193
104,-5121.00, 0.1187
105,-29176.00, 0.1182
106,-18796.00, 0.1176
107,-6661.00, 0.1170
108,-15961.00, 0.1164
109,-12256.00, 0.1158
110,-9046.00, 0.1152
111,-13931.00, 0.1147
112,-4396.00, 0.1141
113,-15821.00, 0.1135
114,-7376.00, 0.1129
115,-20476.00, 0.1124
116,-25351.00, 0.1118
117,-28126.00, 0.1113
118,-24076.00, 0.1107
119,-26556.00, 0.1101
120,-26891.00, 0.1096
121,-18206.00, 0.1090
122,-7196.00, 0.1085
123,-8436.00, 0.1080
124,-5386.00, 0.1074
125,-10101.00, 0.1069
126,-8371.00, 0.1064
127,-13296.00, 0.1058
128,-8736.00, 0.1053
129,-9956.00, 0.1048
130,-5111.00, 0.1042
131,-9731.00, 0.1037
132,-1676.00, 0.1032
133,-4526.00, 0.1027
134,-7971.00, 0.1022
135,-15806.00, 0.1017
136,-14836.00, 0.1012
137,-15281.00, 0.1006
138,-14996.00, 0.1001
139,-10296.00, 0.0996
140,-5126.00, 0.0991
141,-9806.00, 0.0986
142,-7126.00, 0.0982
143,-12486.00, 0.0977
144,-11601.00, 0.0972
145,-13581.00, 0.0967
146,-8776.00, 0.0962
147,-8786.00, 0.0957
148,-10776.00, 0.0952
149,-8351.00, 0.0948
150,-6081.00, 0.0943
151,-8376.00, 0.0938
152,-1757.00, 0.0934
153,-4461.00, 0.0929
154,-5981.00, 0.0924
155,-5906.00, 0.0920
156,-7376.00, 0.0915
157,-5781.00, 0.0910
158,-6726.00, 0.0906
159,-10941.00, 0.0901
160,-3031.00, 0.0897
161,-9551.00, 0.0892
162,-11741.00, 0.0888
163,-6626.00, 0.0883
164,-11621.00, 0.0879
165,-15766.00, 0.0875
166,-12521.00, 0.0870
167,-8101.00, 0.0866
168,-5526.00, 0.0862
169,-6021.00, 0.0857
170,-10361.00, 0.0853
171,-5986.00, 0.0849
172,-4501.00, 0.0845
173,-8581.00, 0.0840
174,-13161.00, 0.0836
175,-19831.00, 0.0832
176,-27716.00, 0.0828
177,-17831.00, 0.0824
178,-10506.00, 0.0819
179,-2311.00, 0.0815
180,-9636.00, 0.0811
181,-6286.00, 0.0807
182,-16881.00, 0.0803
183,-5571.00, 0.0799
184,-6316.00, 0.0795
185,-14576.00, 0.0791
186,-13201.00, 0.0787
187,-10721.00, 0.0783
188,-33516.00, 0.0779
189,-5436.00, 0.0776
190,-14896.00, 0.0772
191,-6776.00, 0.0768
192,-9881.00, 0.0764
193,-9176.00, 0.0760
194,-3586.00, 0.0756
195,-9021.00, 0.0753
196,-1557.00, 0.0749
197,-14616.00, 0.0745
198,-8856.00, 0.0741
199,-9376.00, 0.0738
200,-5546.00, 0.0734
201,-24916.00, 0.0730
202,-3946.00, 0.0727
203,-12156.00, 0.0723
204,-13901.00, 0.0719
205,-18491.00, 0.0716
206,-2215.00, 0.0712
207,-9851.00, 0.0709
208,-9016.00, 0.0705
209,-14291.00, 0.0702
210,-4851.00, 0.0698
211,-4806.00, 0.0695
212,-5641.00, 0.0691
213,-3732.00, 0.0688
214,-19916.00, 0.0684
215,-9731.00, 0.0681
216,-3021.00, 0.0677
217,-10231.00, 0.0674
218,-3506.00, 0.0671
219,-40506.00, 0.0667
220,-8421.00, 0.0664
221,-12991.00, 0.0661
222,-11301.00, 0.0657
223,-6806.00, 0.0654
224,-10206.00, 0.0651
225,-7111.00, 0.0647
226,-7771.00, 0.0644
227,-4856.00, 0.0641
228,-24821.00, 0.0638
229,-6761.00, 0.0635
230,-8246.00, 0.0631
231,-10681.00, 0.0628
232,-8591.00, 0.0625
233,-13846.00, 0.0622
234,-6536.00, 0.0619
235,-4916.00, 0.0616
236,-21481.00, 0.0613
237,-6206.00, 0.0610
238,-7131.00, 0.0607
239,-6611.00, 0.0604
240,-17661.00, 0.0601
241,-23131.00, 0.0598
242,-5361.00, 0.0595
243,-10536.00, 0.0592
244,-4681.00, 0.0589
245,-16391.00, 0.0586
246,-11961.00, 0.0583
247,-7801.00, 0.0580
248,-13916.00, 0.0577
249,-7811.00, 0.0574
250,-3542.00, 0.0571
251,-18011.00, 0.0568
252,-6046.00, 0.0566
253,-6616.00, 0.0563
254,-7696.00, 0.0560
255,-4461.00, 0.0557
256,-2536.00, 0.0554
257,-5631.00, 0.0552
258,-3191.00, 0.0549
259,-10081.00, 0.0546
260,-4941.00, 0.0543
261,-2301.00, 0.0541
262,-12876.00, 0.0538
263,-15051.00, 0.0535
264,-6446.00, 0.0533
265,-5036.00, 0.0530
266,-14256.00, 0.0527
267,-16551.00, 0.0525
268,-9136.00, 0.0522
269,-8091.00, 0.0519
270,-12596.00, 0.0517
271,-4111.00, 0.0514
272,-19061.00, 0.0512
273,-11476.00, 0.0509
274,-3726.00, 0.0506
275,-12861.00, 0.0504
276,-6096.00, 0.0501
277,-3496.00, 0.0499
278,-4251.00, 0.0496
279,-3167.00, 0.0494
280,-12886.00, 0.0491
281,-6921.00, 0.0489
282,-6791.00, 0.0487
283,-5146.00, 0.0484
284,-4806.00, 0.0482
285,-5611.00, 0.0479
286,-12576.00, 0.0477
287,-5346.00, 0.0475
288,-4496.00, 0.0472
289,-20131.00, 0.0470
290,-7041.00, 0.0467
291,-20296.00, 0.0465
292,-3611.00, 0.0463
293,-20396.00, 0.0460
294,-6091.00, 0.0458
295,-7186.00, 0.0456
296,-15736.00, 0.0454
297,-16391.00, 0.0451
298,-5856.00, 0.0449
299,-6156.00, 0.0447
300,-2261.00, 0.0445
301,-4441.00, 0.0442
302,-13131.00, 0.0440
303,-4353.00, 0.0438
304,-7231.00, 0.0436
305,-2091.00, 0.0434
306,-14186.00, 0.0431
307,-6521.00, 0.0429
308,-14251.00, 0.0427
309,-12691.00, 0.0425
310,-3451.00, 0.0423
311,-5741.00, 0.0421
312,-3576.00, 0.0419
313,-10266.00, 0.0417
314,-7456.00, 0.0414
315,-2456.00, 0.0412
316,-4886.00, 0.0410
317,-18431.00, 0.0408
318,-9241.00, 0.0406
319,-6296.00, 0.0404
320,-9976.00, 0.0402
321,-14061.00, 0.0400
322,-14661.00, 0.0398
323,-9616.00, 0.0396
324,-8231.00, 0.0394
325,-2001.00, 0.0392
326,-3775.00, 0.0390
327,-2771.00, 0.0388
328,-1191.00, 0.0386
329,-9846.00, 0.0384
330,-17466.00, 0.0383
331,-4156.00, 0.0381
332,-4511.00, 0.0379
333,-16176.00, 0.0377
334,-9036.00, 0.0375
335,-5256.00, 0.0373
336,-2026.00, 0.0371
337,-6741.00, 0.0369
338,-9266.00, 0.0367
339,-4011.00, 0.0366
340,-1651.00, 0.0364
341,-10776.00, 0.0362
342,-1600.00, 0.0360
343,-3821.00, 0.0358
344,-3356.00, 0.0357
345,-4106.00, 0.0355
346,-4601.00, 0.0353
347,-6411.00, 0.0351
348,-2496.00, 0.0350
349,-16836.00, 0.0348
350,-9636.00, 0.0346
351,-6156.00, 0.0344
352,-4126.00, 0.0343
353,-11946.00, 0.0341
354,-15636.00, 0.0339
355,-2126.00, 0.0337
356,-2396.00, 0.0336
357,-11391.00, 0.0334
358,-6426.00, 0.0332
359,-5361.00, 0.0331
360,-18331.00, 0.0329
361,-4151.00, 0.0327
362,-7991.00, 0.0326
363,-6586.00, 0.0324
364,-1896.00, 0.0323
365,-18111.00, 0.0321
366,-2103.00, 0.0319
367,-3673.00, 0.0318
368,-4546.00, 0.0316
369,-4196.00, 0.0315
370,-4221.00, 0.0313
371,-5356.00, 0.0311
372,-8166.00, 0.0310
373,-4646.00, 0.0308
374,-6596.00, 0.0307
375,-5456.00, 0.0305
376,-3906.00, 0.0304
377,-7261.00, 0.0302
378,-3641.00, 0.0301
379,-21676.00, 0.0299
380,-3896.00, 0.0298
381,-3781.00, 0.0296
382,-4441.00, 0.0295
383,-9596.00, 0.0293
384,-6466.00, 0.0292
385,-5631.00, 0.0290
386,-7616.00, 0.0289
387,-9261.00, 0.0287
388,-10906.00, 0.0286
389,-2476.00, 0.0285
390,-5516.00, 0.0283
391,-9386.00, 0.0282
392,-2531.00, 0.0280
393,-2046.00, 0.0279
394,-2864.00, 0.0278
395,-1128.00, 0.0276
396,-2616.00, 0.0275
397,-4681.00, 0.0273
398,-1331.00, 0.0272
399,-2971.00, 0.0271
400,-13001.00, 0.0269
401,-14331.00, 0.0268
402,-3650.00, 0.0267
403,-7201.00, 0.0265
404,-3381.00, 0.0264
405,-15911.00, 0.0263
406,-3561.00, 0.0261
407,-1313.00, 0.0260
408,-8231.00, 0.0259
409,-3391.00, 0.0257
410,-5376.00, 0.0256
411,-9161.00, 0.0255
412,-2783.00, 0.0254
413,-1906.00, 0.0252
414,-6056.00, 0.0251
415,-13706.00, 0.0250
416,-2031.00, 0.0249
417,-7181.00, 0.0247
418,-3606.00, 0.0246
419,-3081.00, 0.0245
420,-4491.00, 0.0244
421,-8056.00, 0.0242
422,-2219.00, 0.0241
423,-9116.00, 0.0240
424,-2001.00, 0.0239
425,-2695.00, 0.0238
426,-3411.00, 0.0236
427,-3345.00, 0.0235
428,-1862.00, 0.0234
429,-2156.00, 0.0233
430,-4791.00, 0.0232
431,-30696.00, 0.0231
432,-2164.00, 0.0229
433,-2241.00, 0.0228
434,-8736.00, 0.0227
435,-2561.00, 0.0226
436,-4226.00, 0.0225
437,-1248.00, 0.0224
438,-3870.00, 0.0223
439,-2021.00, 0.0221
440,-7696.00, 0.0220
441,-16196.00, 0.0219
442,-1391.00, 0.0218
443,-16031.00, 0.0217
444,-1026.00, 0.0216
445,-7011.00, 0.0215
446,-5276.00, 0.0214
447,-5771.00, 0.0213
448,-12281.00, 0.0212
449,-5716.00, 0.0211
450,-8176.00, 0.0210
451,-3781.00, 0.0209
452,-5836.00, 0.0208
453,-3526.00, 0.0206
454,-5266.00, 0.0205
455,-3111.00, 0.0204
456,-3776.00, 0.0203
457,-1730.00, 0.0202
458,-2471.00, 0.0201
459,-5771.00, 0.0200
460,-8706.00, 0.0199
461,-4671.00, 0.0198
462,-6421.00, 0.0197
463,-10951.00, 0.0196
464,-4406.00, 0.0195
465,-8241.00, 0.0194
466,-3546.00, 0.0193
467,-21546.00, 0.0192
468,-4176.00, 0.0192
469,-3531.00, 0.0191
470,-8296.00, 0.0190
471,-1984.00, 0.0189
472,-10621.00, 0.0188
473,-4071.00, 0.0187
474,-3621.00, 0.0186
475,-4206.00, 0.0185
476,-7256.00, 0.0184
477,-3231.00, 0.0183
478,-2043.00, 0.0182
479,-9126.00, 0.0181
480,-4036.00, 0.0180
481,-8436.00, 0.0179
482,-1821.00, 0.0179
483,-25646.00, 0.0178
484,-3476.00, 0.0177
485,-4786.00, 0.0176
486,-7316.00, 0.0175
487,-3436.00, 0.0174
488,-3456.00, 0.0173
489,-3573.00, 0.0172
490,-1166.00, 0.0172
491,-4101.00, 0.0171
492,-7236.00, 0.0170
493,-843.00, 0.0169
494,-4896.00, 0.0168
495,-7731.00, 0.0167
496,-1304.00, 0.0166
497,-3516.00, 0.0166
498,-1616.00, 0.0165
499,-3055.00, 0.0164
500,-12661.00, 0.0163
501,-5211.00, 0.0162
502,-4246.00, 0.0162
503,-3531.00, 0.0161
504,-9636.00, 0.0160
505,-5821.00, 0.0159
506,-3521.00, 0.0158
507,-3873.00, 0.0158
508,-6726.00, 0.0157
509,-4011.00, 0.0156
510,-2366.00, 0.0155
511,-5281.00, 0.0154
512,-6281.00, 0.0154
513,-3786.00, 0.0153
514,-12281.00, 0.0152
515,-5698.00, 0.0151
516,-6571.00, 0.0151
517,-12346.00, 0.0150
518,-6981.00, 0.0149
519,-5436.00, 0.0148
520,-11481.00, 0.0148
521,-8703.00, 0.0147
522,-4516.00, 0.0146
523,-5116.00, 0.0145
524,-1381.00, 0.0145
525,-2551.00, 0.0144
526,-3231.00, 0.0143
527,-2756.00, 0.0142
528,-16076.00, 0.0142
529,-1490.00, 0.0141
530,-8311.00, 0.0140
531,-1265.00, 0.0140
532,-2215.00, 0.0139
533,-6801.00, 0.0138
534,-2571.00, 0.0138
535,-4321.00, 0.0137
536,-8071.00, 0.0136
537,-2361.00, 0.0136
538,-4046.00, 0.0135
539,-3711.00, 0.0134
540,-666.00, 0.0134
541,-1546.00, 0.0133
542,-1488.00, 0.0132
543,-1996.00, 0.0132
544,-3941.00, 0.0131
545,-986.00, 0.0130
546,-1559.00, 0.0130
547,-1661.00, 0.0129
548,-3811.00, 0.0128
549,-1961.00, 0.0128
550,-2746.00, 0.0127
551,-3621.00, 0.0126
552,-11756.00, 0.0126
553,-2731.00, 0.0125
554,-1271.00, 0.0124
555,-4121.00, 0.0124
556,-3066.00, 0.0123
557,-2766.00, 0.0123
558,-1476.00, 0.0122
559,-6781.00, 0.0121
560,-16271.00, 0.0121
561,-4951.00, 0.0120
562,-4106.00, 0.0120
563,-4511.00, 0.0119
564,-1696.00, 0.0118
565,-1421.00, 0.0118
566,-9121.00, 0.0117
567,-3238.00, 0.0117
568,-10341.00, 0.0116
569,-1891.00, 0.0115
570,-4706.00, 0.0115
571,-19306.00, 0.0114
572,-6396.00, 0.0114
573,-4466.00, 0.0113
574,-6996.00, 0.0113
575,-5891.00, 0.0112
576,-1076.00, 0.0111
577,-2907.00, 0.0111
578,-1886.00, 0.0110
579,-2896.00, 0.0110
580,-5616.00, 0.0109
581,-1351.00, 0.0109
582,-4431.00, 0.0108
583,-1519.00, 0.0108
584,-26421.00, 0.0107
585,-3574.00, 0.0107
586,-17776.00, 0.0106
587,-5066.00, 0.0105
588,-1193.00, 0.0105
589,-2533.00, 0.0104
590,-9516.00, 0.0104
591,-13751.00, 0.0103
592,-1391.00, 0.0103
593,-2161.00, 0.0102
594,-1623.00, 0.0102
595,-4963.00, 0.0101
596,-5001.00, 0.0101
597,-8261.00, 0.0100
598,-2861.00, 0.0100
599,-2536.00, 0.0099
600,-3416.00, 0.0099
601,-3881.00, 0.0098
602,-10146.00, 0.0098
603,-2041.00, 0.0097
604,-8741.00, 0.0097
605,-4528.00, 0.0096
606,-2101.00, 0.0096
607,-6206.00, 0.0095
608,-9271.00, 0.0095
609,-9356.00, 0.0094
610,-4106.00, 0.0094
611,-19516.00, 0.0094
612,-3141.00, 0.0093
613,-22371.00, 0.0093
614,-1993.00, 0.0092
615,-5066.00, 0.0092
616,-6676.00, 0.0091
617,-4321.00, 0.0091
618,-1196.00, 0.0090
619,-1456.00, 0.0090
620,-1988.00, 0.0089
621,-3596.00, 0.0089
622,-4781.00, 0.0089
623,-3571.00, 0.0088
624,-3276.00, 0.0088
625,-6701.00, 0.0087
626,-1101.00, 0.0087
627,-2901.00, 0.0086
628,-8456.00, 0.0086
629,-1446.00, 0.0085
630,-1746.00, 0.0085
631,-991.00, 0.0085
632,-13861.00, 0.0084
633,-3676.00, 0.0084
634,-3031.00, 0.0083
635,-6736.00, 0.0083
636,-1821.00, 0.0083
637,-1931.00, 0.0082
638,-6001.00, 0.0082
639,-2165.00, 0.0081
640,-941.00, 0.0081
641,-3101.00, 0.0080
642,-10291.00, 0.0080
643,-2456.00, 0.0080
644,-1661.00, 0.0079
645,-3511.00, 0.0079
646,-21726.00, 0.0078
647,-1011.00, 0.0078
648,-834.00, 0.0078
649,-1553.00, 0.0077
650,-1881.00, 0.0077
651,-4504.00, 0.0077
652,-3016.00, 0.0076
653,-4451.00, 0.0076
654,-10076.00, 0.0075
655,-3226.00, 0.0075
656,-11366.00, 0.0075
657,-7081.00, 0.0074
658,-10961.00, 0.0074
659,-6511.00, 0.0074
660,-5981.00, 0.0073
661,-9826.00, 0.0073
662,-3606.00, 0.0072
663,-7961.00, 0.0072
664,-11666.00, 0.0072
665,-1286.00, 0.0071
666,-3006.00, 0.0071
667,-8116.00, 0.0071
668,-1216.00, 0.0070
669,-7836.00, 0.0070
670,-1816.00, 0.0070
671,-5561.00, 0.0069
672,-1791.00, 0.0069
673,-1956.00, 0.0069
674,-2186.00, 0.0068
675,-986.00, 0.0068
676,-1561.00, 0.0068
677,-5036.00, 0.0067
678,-8381.00, 0.0067
679,-763.00, 0.0067
680,-2221.00, 0.0066
681,-5206.00, 0.0066
682,-2498.00, 0.0066
683,-4631.00, 0.0065
684,-2201.00, 0.0065
685,-639.00, 0.0065
686,-7426.00, 0.0064
687,-4767.00, 0.0064
688,-4651.00, 0.0064
689,-9841.00, 0.0063
690,-10416.00, 0.0063
691,-8686.00, 0.0063
692,-4241.00, 0.0062
693,-6901.00, 0.0062
694,-3726.00, 0.0062
695,-16531.00, 0.0061
696,-13791.00, 0.0061
697,-3686.00, 0.0061
698,-5011.00, 0.0060
699,-3841.00, 0.0060
700,-1716.00, 0.0060
701,-6166.00, 0.0060
702,-9676.00, 0.0059
703,-5471.00, 0.0059
704,-8876.00, 0.0059
705,-2906.00, 0.0058
706,-11671.00, 0.0058
707,-3421.00, 0.0058
708,-8546.00, 0.0058
709,-6151.00, 0.0057
710,-3001.00, 0.0057
711,-18536.00, 0.0057
712,-3658.00, 0.0056
713,-1544.00, 0.0056
714,-4176.00, 0.0056
715,-2746.00, 0.0056
716,-3753.00, 0.0055
717,-4711.00, 0.0055
718,-9031.00, 0.0055
719,-4186.00, 0.0054
720,-23921.00, 0.0054
721,-12766.00, 0.0054
722,-3961.00, 0.0054
723,-14126.00, 0.0053
724,-1564.00, 0.0053
725,-5621.00, 0.0053
726,-6156.00, 0.0053
727,-2115.00, 0.0052
728,-3463.00, 0.0052
729,-2461.00, 0.0052
730,-14386.00, 0.0052
731,-2651.00, 0.0051
732,-1321.00, 0.0051
733,-2791.00, 0.0051
734,-3426.00, 0.0050
735,-15581.00, 0.0050
736,-11766.00, 0.0050
737,-8996.00, 0.0050
738,-891.00, 0.0049
739,-12816.00, 0.0049
740,-14326.00, 0.0049
741,-9841.00, 0.0049
742,-4076.00, 0.0049
743,-8766.00, 0.0048
744,-4866.00, 0.0048
745,-11996.00, 0.0048
746,-7121.00, 0.0048
747,-1994.00, 0.0047
748,-7146.00, 0.0047
749,-6021.00, 0.0047
750,-12821.00, 0.0047
751,-7016.00, 0.0046
752,-2231.00, 0.0046
753,-3779.00, 0.0046
754,-18006.00, 0.0046
755,-3634.00, 0.0045
756,-15631.00, 0.0045
757,-4246.00, 0.0045
758,-5381.00, 0.0045
759,-3631.00, 0.0045
760,-4491.00, 0.0044
761,-1671.00, 0.0044
762,-6306.00, 0.0044
763,-10031.00, 0.0044
764,-1241.00, 0.0043
765,-8926.00, 0.0043
766,-12196.00, 0.0043
767,-3662.00, 0.0043
768,-4951.00, 0.0043
769,-13146.00, 0.0042
770,-4381.00, 0.0042
771,-521.00, 0.0042
772,-15801.00, 0.0042
773,-8346.00, 0.0042
774,-6886.00, 0.0041
775,-1478.00, 0.0041
776,-1976.00, 0.0041
777,-26831.00, 0.0041
778,-1906.00, 0.0040
779,-6891.00, 0.0040
780,-3119.00, 0.0040
781,-4416.00, 0.0040
782,-2231.00, 0.0040
783,-3134.00, 0.0039
784,-2735.00, 0.0039
785,-5511.00, 0.0039
786,-2950.00, 0.0039
787,-3421.00, 0.0039
788,-1961.00, 0.0039
789,-28391.00, 0.0038
790,-10311.00, 0.0038
791,-7176.00, 0.0038
792,-2081.00, 0.0038
793,-1681.00, 0.0038
794,-17791.00, 0.0037
795,-3946.00, 0.0037
796,-4591.00, 0.0037
797,-1441.00, 0.0037
798,-10561.00, 0.0037
799,-10081.00, 0.0036
800,-14411.00, 0.0036
801,-2946.00, 0.0036
802,-866.00, 0.0036
803,-2448.00, 0.0036
804,-1438.00, 0.0036
805,-7036.00, 0.0035
806,-1439.00, 0.0035
807,-3141.00, 0.0035
808,-2816.00, 0.0035
809,-5976.00, 0.0035
810,-10866.00, 0.0034
811,-1909.00, 0.0034
812,-8311.00, 0.0034
813,-806.00, 0.0034
814,-5801.00, 0.0034
815,-6086.00, 0.0034
816,-8241.00, 0.0033
817,-3346.00, 0.0033
818,-3888.00, 0.0033
819,-9806.00, 0.0033
820,-4471.00, 0.0033
821,-2073.00, 0.0033
822,-3201.00, 0.0032
823,-3101.00, 0.0032
824,-3263.00, 0.0032
825,-2751.00, 0.0032
826,-2818.00, 0.0032
827,-5519.00, 0.0032
828,-4156.00, 0.0032
829,-16436.00, 0.0031
830,-4836.00, 0.0031
831,-3051.00, 0.0031
832,-4736.00, 0.0031
833,-10266.00, 0.0031
834,-3196.00, 0.0031
835,-1186.00, 0.0030
836,-843.00, 0.0030
837,-4193.00, 0.0030
838,-2686.00, 0.0030
839,-1438.00, 0.0030
840,-2426.00, 0.0030
841,-1836.00, 0.0030
842,-1486.00, 0.0029
843,-2131.00, 0.0029
844,-2441.00, 0.0029
845,-2026.00, 0.0029
846,-1096.00, 0.0029
847,-3623.00, 0.0029
848,-3176.00, 0.0029
849,-2036.00, 0.0028
850,-6291.00, 0.0028
851,-871.00, 0.0028
852,-3406.00, 0.0028
853,-1486.00, 0.0028
854,-2661.00, 0.0028
855,-2891.00, 0.0028
856,-9471.00, 0.0027
857,-841.00, 0.0027
858,-3676.00, 0.0027
859,-2031.00, 0.0027
860,-2851.00, 0.0027
861,-3884.00, 0.0027
862,-3481.00, 0.0027
863,-3101.00, 0.0026
864,-1176.00, 0.0026
865,-396.00, 0.0026
866,-4366.00, 0.0026
867,-1386.00, 0.0026
868,-10841.00, 0.0026
869,-991.00, 0.0026
870,-1996.00, 0.0026
871,-661.00, 0.0025
872,-1044.00, 0.0025
873,-3486.00, 0.0025
874,-881.00, 0.0025
875,-3161.00, 0.0025
876,-3266.00, 0.0025
877,-1081.00, 0.0025
878,-7056.00, 0.0025
879,-4496.00, 0.0024
880,-3246.00, 0.0024
881,-9046.00, 0.0024
882,-2003.00, 0.0024
883,-816.00, 0.0024
884,-556.00, 0.0024
885,-4091.00, 0.0024
886,-1731.00, 0.0024
887,-961.00, 0.0023
888,-4541.00, 0.0023
889,-991.00, 0.0023
890,-3061.00, 0.0023
891,-611.00, 0.0023
892,-1841.00, 0.0023
893,-11976.00, 0.0023
894,-828.00, 0.0023
895,-1621.00, 0.0023
896,-1068.00, 0.0022
897,-1066.00, 0.0022
898,-1306.00, 0.0022
899,-876.00, 0.0022
900,-1936.00, 0.0022
901,-3706.00, 0.0022
902,-4571.00, 0.0022
903,-5091.00, 0.0022
904,-20851.00, 0.0022
905,-11641.00, 0.0021
906,-2819.00, 0.0021
907,-3451.00, 0.0021
908,-1976.00, 0.0021
909,-18566.00, 0.0021
910,-811.00, 0.0021
911,-1489.00, 0.0021
912,-14026.00, 0.0021
913,-1486.00, 0.0021
914,-766.00, 0.0020
915,-781.00, 0.0020
916,-2436.00, 0.0020
917,-971.00, 0.0020
918,-686.00, 0.0020
919,-1451.00, 0.0020
920,-566.00, 0.0020
921,-841.00, 0.0020
922,-928.00, 0.0020
923,-2341.00, 0.0020
924,-5056.00, 0.0019
925,-4734.00, 0.0019
926,-1436.00, 0.0019
927,-696.00, 0.0019
928,-6016.00, 0.0019
929,-2181.00, 0.0019
930,-2608.00, 0.0019
931,-1526.00, 0.0019
932,-8546.00, 0.0019
933,-10271.00, 0.0019
934,-3171.00, 0.0019
935,-5106.00, 0.0018
936,-1471.00, 0.0018
937,-3238.00, 0.0018
938,-1321.00, 0.0018
939,-3871.00, 0.0018
940,-25641.00, 0.0018
941,-1856.00, 0.0018
942,-4516.00, 0.0018
943,-3516.00, 0.0018
944,-4016.00, 0.0018
945,-3461.00, 0.0018
946,-12481.00, 0.0017
947,-16961.00, 0.0017
948,-5264.00, 0.0017
949,-2421.00, 0.0017
950,-1621.00, 0.0017
951,-1021.00, 0.0017
952,-4378.00, 0.0017
953,-5976.00, 0.0017
954,-1879.00, 0.0017
955,-4596.00, 0.0017
956,-7516.00, 0.0017
957,-773.00, 0.0017
958,-6806.00, 0.0016
959,-7196.00, 0.0016
960,-4726.00, 0.0016
961,-2120.00, 0.0016
962,-2811.00, 0.0016
963,-4391.00, 0.0016
964,-3117.00, 0.0016
965,-5591.00, 0.0016
966,-3906.00, 0.0016
967,-3016.00, 0.0016
968,-1236.00, 0.0016
969,-4891.00, 0.0016
970,-3351.00, 0.0015
971,-4511.00, 0.0015
972,-2131.00, 0.0015
973,-776.00, 0.0015
974,-2836.00, 0.0015
975,-3096.00, 0.0015
976,-8136.00, 0.0015
977,-3894.00, 0.0015
978,-3781.00, 0.0015
979,-1669.00, 0.0015
980,-12376.00, 0.0015
981,-3485.00, 0.0015
982,-8401.00, 0.0015
983,-2271.00, 0.0014
984,-8561.00, 0.0014
985,-2624.00, 0.0014
986,-511.00, 0.0014
987,-466.00, 0.0014
988,-1987.00, 0.0014
989,-1901.00, 0.0014
990,-7588.00, 0.0014
991,-646.00, 0.0014
992,-2676.00, 0.0014
993,-3044.00, 0.0014
994,-14466.00, 0.0014
995,-5246.00, 0.0014
996,-1335.00, 0.0014
997,-1641.00, 0.0014
998,-661.00, 0.0013
999,-546.00, 0.0013
1000,-1528.00, 0.0013
