Episode, Total Reward, Epsilon
1,-15655.00, 0.1998
2,-14275.00, 0.1996
3,-9750.00, 0.1994
4,-6490.00, 0.1992
5,-12085.00, 0.1990
6,-10555.00, 0.1988
7,-12950.00, 0.1986
8,-7165.00, 0.1984
9,-3925.00, 0.1982
10,-2370.00, 0.1980
11,-5445.00, 0.1978
12,-5585.00, 0.1976
13,-9225.00, 0.1974
14,-2750.00, 0.1972
15,-1345.00, 0.1970
16,-2840.00, 0.1968
17,60.00, 0.1966
18,2220.00, 0.1964
19,4600.00, 0.1962
20,-40.00, 0.1960
21,-4200.00, 0.1958
22,-3130.00, 0.1956
23,2140.00, 0.1955
24,-8180.00, 0.1953
25,1670.00, 0.1951
26,2535.00, 0.1949
27,815.00, 0.1947
28,1300.00, 0.1945
29,3945.00, 0.1943
30,4960.00, 0.1941
31,4225.00, 0.1939
32,2975.00, 0.1937
33,6585.00, 0.1935
34,3025.00, 0.1933
35,670.00, 0.1931
36,4990.00, 0.1929
37,6385.00, 0.1927
38,4890.00, 0.1925
39,5455.00, 0.1923
40,6905.00, 0.1922
41,2940.00, 0.1920
42,5220.00, 0.1918
43,5470.00, 0.1916
44,5605.00, 0.1914
45,5930.00, 0.1912
46,2570.00, 0.1910
47,7105.00, 0.1908
48,6955.00, 0.1906
49,7665.00, 0.1904
50,5805.00, 0.1902
51,8530.00, 0.1901
52,8005.00, 0.1899
53,4880.00, 0.1897
54,7725.00, 0.1895
55,7900.00, 0.1893
56,5555.00, 0.1891
57,2510.00, 0.1889
58,6515.00, 0.1887
59,9240.00, 0.1885
60,815.00, 0.1883
61,8840.00, 0.1882
62,4735.00, 0.1880
63,6155.00, 0.1878
64,7630.00, 0.1876
65,8280.00, 0.1874
66,7285.00, 0.1872
67,9680.00, 0.1870
68,2580.00, 0.1868
69,3045.00, 0.1867
70,6775.00, 0.1865
71,6410.00, 0.1863
72,5440.00, 0.1861
73,7300.00, 0.1859
74,7655.00, 0.1857
75,8760.00, 0.1855
76,5125.00, 0.1854
77,9945.00, 0.1852
78,7760.00, 0.1850
79,7480.00, 0.1848
80,6325.00, 0.1846
81,10235.00, 0.1844
82,6415.00, 0.1842
83,7425.00, 0.1841
84,6425.00, 0.1839
85,11410.00, 0.1837
86,6700.00, 0.1835
87,10010.00, 0.1833
88,6080.00, 0.1831
89,8055.00, 0.1830
90,8730.00, 0.1828
91,4430.00, 0.1826
92,5000.00, 0.1824
93,6215.00, 0.1822
94,6595.00, 0.1820
95,1075.00, 0.1819
96,7245.00, 0.1817
97,9480.00, 0.1815
98,10320.00, 0.1813
99,7550.00, 0.1811
100,6325.00, 0.1810
101,6780.00, 0.1808
102,6295.00, 0.1806
103,8835.00, 0.1804
104,9665.00, 0.1802
105,10960.00, 0.1801
106,12455.00, 0.1799
107,7280.00, 0.1797
108,8650.00, 0.1795
109,9780.00, 0.1793
110,10630.00, 0.1792
111,3485.00, 0.1790
112,6310.00, 0.1788
113,8815.00, 0.1786
114,10145.00, 0.1784
115,11600.00, 0.1783
116,7185.00, 0.1781
117,9980.00, 0.1779
118,11280.00, 0.1777
119,3705.00, 0.1776
120,5395.00, 0.1774
121,10310.00, 0.1772
122,9095.00, 0.1770
123,10635.00, 0.1768
124,6770.00, 0.1767
125,9925.00, 0.1765
126,10215.00, 0.1763
127,6415.00, 0.1761
128,2940.00, 0.1760
129,9955.00, 0.1758
130,5470.00, 0.1756
131,9510.00, 0.1754
132,4930.00, 0.1753
133,8010.00, 0.1751
134,8060.00, 0.1749
135,8520.00, 0.1747
136,8225.00, 0.1746
137,8685.00, 0.1744
138,10450.00, 0.1742
139,5930.00, 0.1740
140,10355.00, 0.1739
141,8825.00, 0.1737
142,10605.00, 0.1735
143,6190.00, 0.1733
144,5805.00, 0.1732
145,5480.00, 0.1730
146,7325.00, 0.1728
147,6705.00, 0.1726
148,11750.00, 0.1725
149,6235.00, 0.1723
150,10090.00, 0.1721
151,9315.00, 0.1720
152,11350.00, 0.1718
153,5995.00, 0.1716
154,9655.00, 0.1714
155,10370.00, 0.1713
156,10910.00, 0.1711
157,9355.00, 0.1709
158,9695.00, 0.1708
159,11445.00, 0.1706
160,9620.00, 0.1704
161,9395.00, 0.1702
162,9275.00, 0.1701
163,8990.00, 0.1699
164,6145.00, 0.1697
165,10500.00, 0.1696
166,9335.00, 0.1694
167,7260.00, 0.1692
168,9760.00, 0.1691
169,4580.00, 0.1689
170,2245.00, 0.1687
171,6410.00, 0.1685
172,5555.00, 0.1684
173,9930.00, 0.1682
174,7020.00, 0.1680
175,9610.00, 0.1679
176,9955.00, 0.1677
177,7515.00, 0.1675
178,8855.00, 0.1674
179,6460.00, 0.1672
180,11070.00, 0.1670
181,11675.00, 0.1669
182,8085.00, 0.1667
183,13000.00, 0.1665
184,8620.00, 0.1664
185,8935.00, 0.1662
186,12030.00, 0.1660
187,5470.00, 0.1659
188,11935.00, 0.1657
189,7605.00, 0.1655
190,9150.00, 0.1654
191,11545.00, 0.1652
192,10145.00, 0.1650
193,3140.00, 0.1649
194,10760.00, 0.1647
195,13510.00, 0.1646
196,9185.00, 0.1644
197,10930.00, 0.1642
198,10565.00, 0.1641
199,5705.00, 0.1639
200,7515.00, 0.1637
201,11065.00, 0.1636
202,7880.00, 0.1634
203,7270.00, 0.1632
204,8310.00, 0.1631
205,8290.00, 0.1629
206,5935.00, 0.1627
207,9585.00, 0.1626
208,7430.00, 0.1624
209,10770.00, 0.1623
210,10825.00, 0.1621
211,5455.00, 0.1619
212,10670.00, 0.1618
213,9670.00, 0.1616
214,8785.00, 0.1615
215,11930.00, 0.1613
216,10850.00, 0.1611
217,10495.00, 0.1610
218,11125.00, 0.1608
219,10995.00, 0.1606
220,6395.00, 0.1605
221,9685.00, 0.1603
222,6840.00, 0.1602
223,7555.00, 0.1600
224,8155.00, 0.1598
225,6235.00, 0.1597
226,12450.00, 0.1595
227,10985.00, 0.1594
228,8380.00, 0.1592
229,10920.00, 0.1590
230,8700.00, 0.1589
231,8860.00, 0.1587
232,10785.00, 0.1586
233,12055.00, 0.1584
234,7815.00, 0.1583
235,10475.00, 0.1581
236,10755.00, 0.1579
237,8780.00, 0.1578
238,10850.00, 0.1576
239,9480.00, 0.1575
240,9145.00, 0.1573
241,8660.00, 0.1571
242,8720.00, 0.1570
243,11250.00, 0.1568
244,8700.00, 0.1567
245,12140.00, 0.1565
246,12300.00, 0.1564
247,9690.00, 0.1562
248,9025.00, 0.1561
249,8295.00, 0.1559
250,10375.00, 0.1557
251,7485.00, 0.1556
252,6750.00, 0.1554
253,12510.00, 0.1553
254,9575.00, 0.1551
255,10885.00, 0.1550
256,11210.00, 0.1548
257,3160.00, 0.1547
258,12815.00, 0.1545
259,6695.00, 0.1543
260,11005.00, 0.1542
261,11945.00, 0.1540
262,11205.00, 0.1539
263,2985.00, 0.1537
264,11585.00, 0.1536
265,9370.00, 0.1534
266,11530.00, 0.1533
267,3380.00, 0.1531
268,9960.00, 0.1530
269,10840.00, 0.1528
270,8230.00, 0.1527
271,11750.00, 0.1525
272,12075.00, 0.1524
273,12625.00, 0.1522
274,13665.00, 0.1520
275,9745.00, 0.1519
276,9580.00, 0.1517
277,10225.00, 0.1516
278,10290.00, 0.1514
279,10095.00, 0.1513
280,-890.00, 0.1511
281,9740.00, 0.1510
282,9660.00, 0.1508
283,8960.00, 0.1507
284,12235.00, 0.1505
285,10665.00, 0.1504
286,11635.00, 0.1502
287,10120.00, 0.1501
288,10520.00, 0.1499
289,9910.00, 0.1498
290,7100.00, 0.1496
291,10170.00, 0.1495
292,8975.00, 0.1493
293,11655.00, 0.1492
294,11570.00, 0.1490
295,4785.00, 0.1489
296,11630.00, 0.1487
297,12835.00, 0.1486
298,9685.00, 0.1484
299,2760.00, 0.1483
300,10125.00, 0.1481
301,7540.00, 0.1480
302,13650.00, 0.1478
303,8410.00, 0.1477
304,10720.00, 0.1475
305,9500.00, 0.1474
306,7965.00, 0.1473
307,10410.00, 0.1471
308,10950.00, 0.1470
309,10750.00, 0.1468
310,11585.00, 0.1467
311,11925.00, 0.1465
312,10560.00, 0.1464
313,7070.00, 0.1462
314,12095.00, 0.1461
315,4975.00, 0.1459
316,10860.00, 0.1458
317,10785.00, 0.1456
318,8735.00, 0.1455
319,11040.00, 0.1454
320,4995.00, 0.1452
321,10390.00, 0.1451
322,11335.00, 0.1449
323,11670.00, 0.1448
324,11645.00, 0.1446
325,8335.00, 0.1445
326,10710.00, 0.1443
327,7730.00, 0.1442
328,11420.00, 0.1440
329,12080.00, 0.1439
330,8110.00, 0.1438
331,11765.00, 0.1436
332,9140.00, 0.1435
333,11900.00, 0.1433
334,8410.00, 0.1432
335,10360.00, 0.1430
336,11710.00, 0.1429
337,10295.00, 0.1428
338,11235.00, 0.1426
339,8215.00, 0.1425
340,13030.00, 0.1423
341,10570.00, 0.1422
342,12255.00, 0.1420
343,9525.00, 0.1419
344,12615.00, 0.1418
345,9685.00, 0.1416
346,10835.00, 0.1415
347,10170.00, 0.1413
348,9400.00, 0.1412
349,13585.00, 0.1411
350,11235.00, 0.1409
351,10180.00, 0.1408
352,12325.00, 0.1406
353,10980.00, 0.1405
354,9425.00, 0.1404
355,7165.00, 0.1402
356,11150.00, 0.1401
357,8300.00, 0.1399
358,5415.00, 0.1398
359,8785.00, 0.1396
360,12660.00, 0.1395
361,8770.00, 0.1394
362,11625.00, 0.1392
363,12635.00, 0.1391
364,10080.00, 0.1390
365,11870.00, 0.1388
366,11425.00, 0.1387
367,6195.00, 0.1385
368,11595.00, 0.1384
369,11665.00, 0.1383
370,11160.00, 0.1381
371,11230.00, 0.1380
372,5790.00, 0.1378
373,3560.00, 0.1377
374,11215.00, 0.1376
375,10665.00, 0.1374
376,11665.00, 0.1373
377,11760.00, 0.1372
378,7620.00, 0.1370
379,11150.00, 0.1369
380,11490.00, 0.1367
381,12250.00, 0.1366
382,1475.00, 0.1365
383,8420.00, 0.1363
384,8025.00, 0.1362
385,12475.00, 0.1361
386,11715.00, 0.1359
387,10925.00, 0.1358
388,11005.00, 0.1357
389,5985.00, 0.1355
390,8860.00, 0.1354
391,11075.00, 0.1352
392,11085.00, 0.1351
393,13035.00, 0.1350
394,11960.00, 0.1348
395,10960.00, 0.1347
396,11545.00, 0.1346
397,11430.00, 0.1344
398,8910.00, 0.1343
399,11480.00, 0.1342
400,10255.00, 0.1340
401,11005.00, 0.1339
402,13435.00, 0.1338
403,12980.00, 0.1336
404,9415.00, 0.1335
405,8915.00, 0.1334
406,10960.00, 0.1332
407,12400.00, 0.1331
408,9380.00, 0.1330
409,1810.00, 0.1328
410,11055.00, 0.1327
411,11120.00, 0.1326
412,8195.00, 0.1324
413,11395.00, 0.1323
414,11880.00, 0.1322
415,10635.00, 0.1320
416,13175.00, 0.1319
417,6070.00, 0.1318
418,10085.00, 0.1316
419,12085.00, 0.1315
420,10755.00, 0.1314
421,14025.00, 0.1313
422,4810.00, 0.1311
423,12625.00, 0.1310
424,10185.00, 0.1309
425,9690.00, 0.1307
426,9315.00, 0.1306
427,11675.00, 0.1305
428,14160.00, 0.1303
429,12865.00, 0.1302
430,5515.00, 0.1301
431,13500.00, 0.1299
432,14230.00, 0.1298
433,9810.00, 0.1297
434,10740.00, 0.1296
435,12155.00, 0.1294
436,12305.00, 0.1293
437,12430.00, 0.1292
438,10830.00, 0.1290
439,8315.00, 0.1289
440,10225.00, 0.1288
441,10530.00, 0.1287
442,10090.00, 0.1285
443,12635.00, 0.1284
444,12475.00, 0.1283
445,14410.00, 0.1281
446,11885.00, 0.1280
447,13535.00, 0.1279
448,10605.00, 0.1278
449,12850.00, 0.1276
450,7620.00, 0.1275
451,12850.00, 0.1274
452,7650.00, 0.1272
453,10350.00, 0.1271
454,12075.00, 0.1270
455,11870.00, 0.1269
456,11680.00, 0.1267
457,8520.00, 0.1266
458,10170.00, 0.1265
459,4875.00, 0.1264
460,8755.00, 0.1262
461,12075.00, 0.1261
462,10365.00, 0.1260
463,13765.00, 0.1258
464,13220.00, 0.1257
465,11100.00, 0.1256
466,12430.00, 0.1255
467,12940.00, 0.1253
468,10185.00, 0.1252
469,12375.00, 0.1251
470,13380.00, 0.1250
471,8320.00, 0.1248
472,7050.00, 0.1247
473,11870.00, 0.1246
474,9045.00, 0.1245
475,12265.00, 0.1243
476,13175.00, 0.1242
477,13240.00, 0.1241
478,11005.00, 0.1240
479,9520.00, 0.1239
480,4795.00, 0.1237
481,11930.00, 0.1236
482,10740.00, 0.1235
483,10000.00, 0.1234
484,10770.00, 0.1232
485,8000.00, 0.1231
486,7240.00, 0.1230
487,11040.00, 0.1229
488,12300.00, 0.1227
489,10755.00, 0.1226
490,9945.00, 0.1225
491,13475.00, 0.1224
492,11930.00, 0.1223
493,12610.00, 0.1221
494,11310.00, 0.1220
495,12295.00, 0.1219
496,12535.00, 0.1218
497,13645.00, 0.1216
498,13630.00, 0.1215
499,10500.00, 0.1214
500,12210.00, 0.1213
501,6895.00, 0.1212
502,12260.00, 0.1210
503,11230.00, 0.1209
504,12115.00, 0.1208
505,10875.00, 0.1207
506,12820.00, 0.1205
507,11585.00, 0.1204
508,7855.00, 0.1203
509,7990.00, 0.1202
510,13940.00, 0.1201
511,13880.00, 0.1199
512,13105.00, 0.1198
513,10855.00, 0.1197
514,12795.00, 0.1196
515,11980.00, 0.1195
516,7830.00, 0.1193
517,10795.00, 0.1192
518,11025.00, 0.1191
519,12435.00, 0.1190
520,12675.00, 0.1189
521,13385.00, 0.1188
522,12405.00, 0.1186
523,10760.00, 0.1185
524,9225.00, 0.1184
525,14535.00, 0.1183
526,11095.00, 0.1182
527,10560.00, 0.1180
528,7955.00, 0.1179
529,7500.00, 0.1178
530,9445.00, 0.1177
531,5395.00, 0.1176
532,10760.00, 0.1175
533,11895.00, 0.1173
534,13220.00, 0.1172
535,12490.00, 0.1171
536,340.00, 0.1170
537,11195.00, 0.1169
538,4885.00, 0.1168
539,12985.00, 0.1166
540,13010.00, 0.1165
541,11000.00, 0.1164
542,11610.00, 0.1163
543,7385.00, 0.1162
544,9485.00, 0.1161
545,13025.00, 0.1159
546,5415.00, 0.1158
547,14220.00, 0.1157
548,12070.00, 0.1156
549,13415.00, 0.1155
550,7200.00, 0.1154
551,9050.00, 0.1152
552,12155.00, 0.1151
553,12260.00, 0.1150
554,12640.00, 0.1149
555,11375.00, 0.1148
556,10870.00, 0.1147
557,11145.00, 0.1146
558,10335.00, 0.1144
559,6040.00, 0.1143
560,11430.00, 0.1142
561,12355.00, 0.1141
562,12870.00, 0.1140
563,12475.00, 0.1139
564,2000.00, 0.1138
565,12260.00, 0.1136
566,5445.00, 0.1135
567,9320.00, 0.1134
568,11785.00, 0.1133
569,13375.00, 0.1132
570,8905.00, 0.1131
571,11040.00, 0.1130
572,12245.00, 0.1128
573,12385.00, 0.1127
574,8920.00, 0.1126
575,12400.00, 0.1125
576,9805.00, 0.1124
577,11685.00, 0.1123
578,4850.00, 0.1122
579,11680.00, 0.1121
580,13590.00, 0.1119
581,14550.00, 0.1118
582,13660.00, 0.1117
583,9970.00, 0.1116
584,8130.00, 0.1115
585,12345.00, 0.1114
586,10515.00, 0.1113
587,9700.00, 0.1112
588,11665.00, 0.1111
589,11515.00, 0.1109
590,11005.00, 0.1108
591,10205.00, 0.1107
592,13460.00, 0.1106
593,12295.00, 0.1105
594,9420.00, 0.1104
595,13950.00, 0.1103
596,10605.00, 0.1102
597,11700.00, 0.1101
598,13120.00, 0.1099
599,9135.00, 0.1098
600,11745.00, 0.1097
601,10385.00, 0.1096
602,14980.00, 0.1095
603,11695.00, 0.1094
604,10765.00, 0.1093
605,13015.00, 0.1092
606,9070.00, 0.1091
607,11025.00, 0.1090
608,11640.00, 0.1089
609,11630.00, 0.1087
610,12205.00, 0.1086
611,5035.00, 0.1085
612,11885.00, 0.1084
613,11300.00, 0.1083
614,14190.00, 0.1082
615,11440.00, 0.1081
616,14880.00, 0.1080
617,13885.00, 0.1079
618,12280.00, 0.1078
619,8625.00, 0.1077
620,12550.00, 0.1076
621,11440.00, 0.1074
622,12135.00, 0.1073
623,11080.00, 0.1072
624,10560.00, 0.1071
625,7295.00, 0.1070
626,11935.00, 0.1069
627,11695.00, 0.1068
628,10190.00, 0.1067
629,12955.00, 0.1066
630,10820.00, 0.1065
631,7715.00, 0.1064
632,13655.00, 0.1063
633,13435.00, 0.1062
634,4885.00, 0.1061
635,12710.00, 0.1060
636,10150.00, 0.1058
637,11075.00, 0.1057
638,11010.00, 0.1056
639,2350.00, 0.1055
640,13320.00, 0.1054
641,7235.00, 0.1053
642,13430.00, 0.1052
643,11695.00, 0.1051
644,11780.00, 0.1050
645,11800.00, 0.1049
646,11050.00, 0.1048
647,13425.00, 0.1047
648,5865.00, 0.1046
649,11365.00, 0.1045
650,12400.00, 0.1044
651,13165.00, 0.1043
652,11970.00, 0.1042
653,11390.00, 0.1041
654,9050.00, 0.1040
655,13795.00, 0.1039
656,12560.00, 0.1038
657,8995.00, 0.1036
658,11405.00, 0.1035
659,10590.00, 0.1034
660,13145.00, 0.1033
661,11870.00, 0.1032
662,12925.00, 0.1031
663,6090.00, 0.1030
664,13610.00, 0.1029
665,12605.00, 0.1028
666,12120.00, 0.1027
667,13720.00, 0.1026
668,9740.00, 0.1025
669,15110.00, 0.1024
670,2525.00, 0.1023
671,11380.00, 0.1022
672,11760.00, 0.1021
673,12260.00, 0.1020
674,13755.00, 0.1019
675,12665.00, 0.1018
676,11750.00, 0.1017
677,14045.00, 0.1016
678,4220.00, 0.1015
679,12275.00, 0.1014
680,9715.00, 0.1013
681,6740.00, 0.1012
682,8255.00, 0.1011
683,10680.00, 0.1010
684,10070.00, 0.1009
685,9055.00, 0.1008
686,10975.00, 0.1007
687,11715.00, 0.1006
688,7520.00, 0.1005
689,9535.00, 0.1004
690,14730.00, 0.1003
691,11365.00, 0.1002
692,10530.00, 0.1001
693,14130.00, 0.1000
694,7750.00, 0.0999
695,15130.00, 0.0998
696,-140.00, 0.0997
697,8805.00, 0.0996
698,12215.00, 0.0995
699,13190.00, 0.0994
700,10075.00, 0.0993
701,11705.00, 0.0992
702,14420.00, 0.0991
703,12950.00, 0.0990
704,10545.00, 0.0989
705,11415.00, 0.0988
706,8015.00, 0.0987
707,12865.00, 0.0986
708,11910.00, 0.0985
709,-4620.00, 0.0984
710,2540.00, 0.0983
711,12285.00, 0.0982
712,10815.00, 0.0981
713,8025.00, 0.0980
714,10465.00, 0.0979
715,9020.00, 0.0978
716,14440.00, 0.0977
717,15660.00, 0.0976
718,10065.00, 0.0975
719,11875.00, 0.0974
720,8735.00, 0.0973
721,8105.00, 0.0972
722,9810.00, 0.0971
723,7140.00, 0.0970
724,9090.00, 0.0969
725,10385.00, 0.0968
726,14105.00, 0.0967
727,9255.00, 0.0966
728,15625.00, 0.0965
729,9915.00, 0.0964
730,7060.00, 0.0963
731,14730.00, 0.0963
732,9745.00, 0.0962
733,11835.00, 0.0961
734,14520.00, 0.0960
735,15015.00, 0.0959
736,6505.00, 0.0958
737,14350.00, 0.0957
738,11805.00, 0.0956
739,13215.00, 0.0955
740,14325.00, 0.0954
741,15125.00, 0.0953
742,7570.00, 0.0952
743,10010.00, 0.0951
744,14965.00, 0.0950
745,12900.00, 0.0949
746,13935.00, 0.0948
747,13260.00, 0.0947
748,12470.00, 0.0946
749,5815.00, 0.0945
750,11500.00, 0.0944
751,4175.00, 0.0943
752,15585.00, 0.0942
753,10870.00, 0.0942
754,11115.00, 0.0941
755,7025.00, 0.0940
756,8855.00, 0.0939
757,8845.00, 0.0938
758,11745.00, 0.0937
759,9540.00, 0.0936
760,13730.00, 0.0935
761,13595.00, 0.0934
762,14755.00, 0.0933
763,11955.00, 0.0932
764,4740.00, 0.0931
765,12955.00, 0.0930
766,13110.00, 0.0929
767,7830.00, 0.0928
768,13400.00, 0.0928
769,10690.00, 0.0927
770,12640.00, 0.0926
771,13225.00, 0.0925
772,4210.00, 0.0924
773,12480.00, 0.0923
774,14655.00, 0.0922
775,8820.00, 0.0921
776,11805.00, 0.0920
777,5850.00, 0.0919
778,12295.00, 0.0918
779,15025.00, 0.0917
780,11170.00, 0.0916
781,12370.00, 0.0916
782,14270.00, 0.0915
783,13930.00, 0.0914
784,13815.00, 0.0913
785,9910.00, 0.0912
786,60.00, 0.0911
787,13270.00, 0.0910
788,12920.00, 0.0909
789,11570.00, 0.0908
790,13695.00, 0.0907
791,13535.00, 0.0906
792,10395.00, 0.0906
793,9170.00, 0.0905
794,14855.00, 0.0904
795,12245.00, 0.0903
796,14145.00, 0.0902
797,10080.00, 0.0901
798,14135.00, 0.0900
799,14180.00, 0.0899
800,13035.00, 0.0898
801,11220.00, 0.0897
802,12555.00, 0.0897
803,11245.00, 0.0896
804,14260.00, 0.0895
805,14050.00, 0.0894
806,13160.00, 0.0893
807,11025.00, 0.0892
808,10950.00, 0.0891
809,8170.00, 0.0890
810,3085.00, 0.0889
811,12075.00, 0.0888
812,13450.00, 0.0888
813,13645.00, 0.0887
814,9815.00, 0.0886
815,2440.00, 0.0885
816,14405.00, 0.0884
817,14720.00, 0.0883
818,12590.00, 0.0882
819,5350.00, 0.0881
820,2120.00, 0.0881
821,675.00, 0.0880
822,11775.00, 0.0879
823,11455.00, 0.0878
824,9700.00, 0.0877
825,14605.00, 0.0876
826,13500.00, 0.0875
827,11190.00, 0.0874
828,7805.00, 0.0873
829,12955.00, 0.0873
830,9580.00, 0.0872
831,13005.00, 0.0871
832,10755.00, 0.0870
833,12865.00, 0.0869
834,9450.00, 0.0868
835,11495.00, 0.0867
836,10950.00, 0.0867
837,8475.00, 0.0866
838,14485.00, 0.0865
839,12930.00, 0.0864
840,8975.00, 0.0863
841,14390.00, 0.0862
842,12580.00, 0.0861
843,5780.00, 0.0860
844,12290.00, 0.0860
845,11520.00, 0.0859
846,5910.00, 0.0858
847,10820.00, 0.0857
848,7225.00, 0.0856
849,9300.00, 0.0855
850,13325.00, 0.0854
851,8160.00, 0.0854
852,11845.00, 0.0853
853,14210.00, 0.0852
854,13900.00, 0.0851
855,13645.00, 0.0850
856,11575.00, 0.0849
857,14415.00, 0.0849
858,6865.00, 0.0848
859,8310.00, 0.0847
860,7825.00, 0.0846
861,13380.00, 0.0845
862,13230.00, 0.0844
863,12570.00, 0.0843
864,7380.00, 0.0843
865,12515.00, 0.0842
866,9595.00, 0.0841
867,12835.00, 0.0840
868,12710.00, 0.0839
869,14425.00, 0.0838
870,-3945.00, 0.0838
871,15175.00, 0.0837
872,13915.00, 0.0836
873,6060.00, 0.0835
874,12470.00, 0.0834
875,13980.00, 0.0833
876,13555.00, 0.0833
877,7265.00, 0.0832
878,12510.00, 0.0831
879,15240.00, 0.0830
880,14360.00, 0.0829
881,14165.00, 0.0828
882,10805.00, 0.0828
883,10325.00, 0.0827
884,10190.00, 0.0826
885,11080.00, 0.0825
886,12330.00, 0.0824
887,9905.00, 0.0823
888,12005.00, 0.0823
889,9750.00, 0.0822
890,15055.00, 0.0821
891,8675.00, 0.0820
892,10890.00, 0.0819
893,9595.00, 0.0818
894,7300.00, 0.0818
895,12380.00, 0.0817
896,12510.00, 0.0816
897,7885.00, 0.0815
898,11255.00, 0.0814
899,15420.00, 0.0814
900,13140.00, 0.0813
901,15025.00, 0.0812
902,13175.00, 0.0811
903,5255.00, 0.0810
904,14370.00, 0.0810
905,13945.00, 0.0809
906,2535.00, 0.0808
907,14450.00, 0.0807
908,14480.00, 0.0806
909,9945.00, 0.0805
910,11070.00, 0.0805
911,14285.00, 0.0804
912,1575.00, 0.0803
913,6475.00, 0.0802
914,7750.00, 0.0801
915,6800.00, 0.0801
916,6660.00, 0.0800
917,12920.00, 0.0799
918,15240.00, 0.0798
919,14845.00, 0.0797
920,7270.00, 0.0797
921,-3435.00, 0.0796
922,14875.00, 0.0795
923,9915.00, 0.0794
924,5620.00, 0.0793
925,10175.00, 0.0793
926,12000.00, 0.0792
927,9690.00, 0.0791
928,12795.00, 0.0790
929,13590.00, 0.0790
930,5175.00, 0.0789
931,10715.00, 0.0788
932,7305.00, 0.0787
933,9945.00, 0.0786
934,9255.00, 0.0786
935,2005.00, 0.0785
936,11555.00, 0.0784
937,8370.00, 0.0783
938,13110.00, 0.0782
939,12865.00, 0.0782
940,9705.00, 0.0781
941,11920.00, 0.0780
942,9800.00, 0.0779
943,11455.00, 0.0779
944,10930.00, 0.0778
945,8275.00, 0.0777
946,11825.00, 0.0776
947,13130.00, 0.0775
948,4720.00, 0.0775
949,13330.00, 0.0774
950,12020.00, 0.0773
951,15140.00, 0.0772
952,8835.00, 0.0772
953,13200.00, 0.0771
954,11810.00, 0.0770
955,5185.00, 0.0769
956,10505.00, 0.0768
957,7660.00, 0.0768
958,11865.00, 0.0767
959,13760.00, 0.0766
960,7285.00, 0.0765
961,-3420.00, 0.0765
962,5520.00, 0.0764
963,10310.00, 0.0763
964,10985.00, 0.0762
965,15530.00, 0.0762
966,10870.00, 0.0761
967,13425.00, 0.0760
968,13130.00, 0.0759
969,9735.00, 0.0759
970,11545.00, 0.0758
971,12530.00, 0.0757
972,7995.00, 0.0756
973,-4515.00, 0.0756
974,4875.00, 0.0755
975,15430.00, 0.0754
976,13750.00, 0.0753
977,10645.00, 0.0753
978,11410.00, 0.0752
979,14300.00, 0.0751
980,9615.00, 0.0750
981,12000.00, 0.0750
982,13165.00, 0.0749
983,9785.00, 0.0748
984,10715.00, 0.0747
985,-995.00, 0.0747
986,12435.00, 0.0746
987,13350.00, 0.0745
988,9410.00, 0.0744
989,13500.00, 0.0744
990,15020.00, 0.0743
991,15770.00, 0.0742
992,10860.00, 0.0741
993,13620.00, 0.0741
994,13660.00, 0.0740
995,14045.00, 0.0739
996,11185.00, 0.0738
997,11325.00, 0.0738
998,11905.00, 0.0737
999,11645.00, 0.0736
1000,14715.00, 0.0735
