Episode, Total Reward, Epsilon
1,-23550.00, 0.1990
2,-23760.00, 0.1980
3,-23710.00, 0.1970
4,-23500.00, 0.1960
5,-23450.00, 0.1950
6,-22010.00, 0.1941
7,-23390.00, 0.1931
8,-23450.00, 0.1921
9,-23740.00, 0.1912
10,-20520.00, 0.1902
11,-23080.00, 0.1893
12,-23260.00, 0.1883
13,-23340.00, 0.1874
14,-22260.00, 0.1864
15,-23760.00, 0.1855
16,-23120.00, 0.1846
17,-23000.00, 0.1837
18,-22730.00, 0.1827
19,-23790.00, 0.1818
20,-22710.00, 0.1809
21,-23710.00, 0.1800
22,-22370.00, 0.1791
23,-22320.00, 0.1782
24,-23130.00, 0.1773
25,-23690.00, 0.1764
26,-23050.00, 0.1756
27,-21210.00, 0.1747
28,-23270.00, 0.1738
29,-22920.00, 0.1729
30,-22030.00, 0.1721
31,-23840.00, 0.1712
32,-23540.00, 0.1704
33,-20330.00, 0.1695
34,-21320.00, 0.1687
35,-23640.00, 0.1678
36,-23580.00, 0.1670
37,-21710.00, 0.1661
38,-22670.00, 0.1653
39,-23300.00, 0.1645
40,-21160.00, 0.1637
41,-22930.00, 0.1628
42,-23510.00, 0.1620
43,-23640.00, 0.1612
44,-23790.00, 0.1604
45,-23400.00, 0.1596
46,-21830.00, 0.1588
47,-23350.00, 0.1580
48,-23580.00, 0.1572
49,-22780.00, 0.1564
50,-22550.00, 0.1557
51,-23640.00, 0.1549
52,-20410.00, 0.1541
53,-23190.00, 0.1533
54,-23740.00, 0.1526
55,-22420.00, 0.1518
56,-23640.00, 0.1511
57,-22760.00, 0.1503
58,-23790.00, 0.1495
59,-23640.00, 0.1488
60,-23350.00, 0.1481
61,-23160.00, 0.1473
62,-23260.00, 0.1466
63,-23790.00, 0.1458
64,-21440.00, 0.1451
65,-23590.00, 0.1444
66,-22590.00, 0.1437
67,-23790.00, 0.1429
68,-23480.00, 0.1422
69,-23430.00, 0.1415
70,-23400.00, 0.1408
71,-23740.00, 0.1401
72,-23370.00, 0.1394
73,-22950.00, 0.1387
74,-23450.00, 0.1380
75,-23490.00, 0.1373
76,-23640.00, 0.1366
77,-22610.00, 0.1360
78,-23640.00, 0.1353
79,-23430.00, 0.1346
80,-23510.00, 0.1339
81,-23280.00, 0.1333
82,-23450.00, 0.1326
83,-23590.00, 0.1319
84,-21700.00, 0.1313
85,-23150.00, 0.1306
86,-23590.00, 0.1300
87,-23590.00, 0.1293
88,-23740.00, 0.1287
89,-23380.00, 0.1280
90,-23410.00, 0.1274
91,-22110.00, 0.1267
92,-23460.00, 0.1261
93,-23450.00, 0.1255
94,-21120.00, 0.1249
95,-23150.00, 0.1242
96,-23250.00, 0.1236
97,-23540.00, 0.1230
98,-23460.00, 0.1224
99,-23330.00, 0.1218
100,-22890.00, 0.1212
101,-23690.00, 0.1205
102,-23640.00, 0.1199
103,-23590.00, 0.1193
104,-20950.00, 0.1187
105,-23090.00, 0.1182
106,-21320.00, 0.1176
107,-23330.00, 0.1170
108,-23460.00, 0.1164
109,-22560.00, 0.1158
110,-23540.00, 0.1152
111,-23420.00, 0.1147
112,-23220.00, 0.1141
113,-23110.00, 0.1135
114,-23220.00, 0.1129
115,-21740.00, 0.1124
116,-23640.00, 0.1118
117,-23460.00, 0.1113
118,-23530.00, 0.1107
119,-23590.00, 0.1101
120,-22280.00, 0.1096
121,-23300.00, 0.1090
122,-21000.00, 0.1085
123,-22470.00, 0.1080
124,-23380.00, 0.1074
125,-23090.00, 0.1069
126,-23300.00, 0.1064
127,-22320.00, 0.1058
128,-23640.00, 0.1053
129,-23280.00, 0.1048
130,-23640.00, 0.1042
131,-23250.00, 0.1037
132,-21930.00, 0.1032
133,-23690.00, 0.1027
134,-23690.00, 0.1022
135,-23690.00, 0.1017
136,-19710.00, 0.1012
137,-23030.00, 0.1006
138,-22870.00, 0.1001
139,-23460.00, 0.0996
140,-22070.00, 0.0991
141,-23640.00, 0.0986
142,-23740.00, 0.0982
143,-23690.00, 0.0977
144,-22560.00, 0.0972
145,-22800.00, 0.0967
146,-23510.00, 0.0962
147,-22620.00, 0.0957
148,-22520.00, 0.0952
149,-23060.00, 0.0948
150,-22800.00, 0.0943
151,-17840.00, 0.0938
152,-23690.00, 0.0934
153,-23490.00, 0.0929
154,-23540.00, 0.0924
155,-23440.00, 0.0920
156,-23070.00, 0.0915
157,-22440.00, 0.0910
158,-22680.00, 0.0906
159,-20030.00, 0.0901
160,-23690.00, 0.0897
161,-22260.00, 0.0892
162,-22280.00, 0.0888
163,-20670.00, 0.0883
164,-23640.00, 0.0879
165,-23540.00, 0.0875
166,-23430.00, 0.0870
167,-23690.00, 0.0866
168,-23590.00, 0.0862
169,-21360.00, 0.0857
170,-23510.00, 0.0853
171,-22760.00, 0.0849
172,-21710.00, 0.0845
173,-21890.00, 0.0840
174,-22350.00, 0.0836
175,-23230.00, 0.0832
176,-23540.00, 0.0828
177,-23590.00, 0.0824
178,-22790.00, 0.0819
179,-22640.00, 0.0815
180,-21770.00, 0.0811
181,-22430.00, 0.0807
182,-23590.00, 0.0803
183,-22710.00, 0.0799
184,-23160.00, 0.0795
185,-20800.00, 0.0791
186,-23540.00, 0.0787
187,-21310.00, 0.0783
188,-23330.00, 0.0779
189,-23220.00, 0.0776
190,-23200.00, 0.0772
191,-22810.00, 0.0768
192,-23170.00, 0.0764
193,-20840.00, 0.0760
194,-23360.00, 0.0756
195,-22540.00, 0.0753
196,-21730.00, 0.0749
197,-23050.00, 0.0745
198,-23640.00, 0.0741
199,-22620.00, 0.0738
200,-23460.00, 0.0734
201,-22210.00, 0.0730
202,-18760.00, 0.0727
203,-22990.00, 0.0723
204,-22710.00, 0.0719
205,-23140.00, 0.0716
206,-22290.00, 0.0712
207,-23170.00, 0.0709
208,-22910.00, 0.0705
209,-23200.00, 0.0702
210,-23790.00, 0.0698
211,-21160.00, 0.0695
212,-22360.00, 0.0691
213,-23410.00, 0.0688
214,-23590.00, 0.0684
215,-23250.00, 0.0681
216,-23350.00, 0.0677
217,-20200.00, 0.0674
218,-21560.00, 0.0671
219,-22140.00, 0.0667
220,-21520.00, 0.0664
221,-22440.00, 0.0661
222,-22640.00, 0.0657
223,-23490.00, 0.0654
224,-23390.00, 0.0651
225,-23390.00, 0.0647
226,-23540.00, 0.0644
227,-23740.00, 0.0641
228,-22470.00, 0.0638
229,-21830.00, 0.0635
230,-22020.00, 0.0631
231,-23490.00, 0.0628
232,-21320.00, 0.0625
233,-23790.00, 0.0622
234,-23640.00, 0.0619
235,-23490.00, 0.0616
236,-23590.00, 0.0613
237,-21030.00, 0.0610
238,-23590.00, 0.0607
239,-18610.00, 0.0604
240,-21330.00, 0.0601
241,-23410.00, 0.0598
242,-23150.00, 0.0595
243,-21670.00, 0.0592
244,-23430.00, 0.0589
245,-19130.00, 0.0586
246,-23200.00, 0.0583
247,-23380.00, 0.0580
248,-23440.00, 0.0577
249,-23490.00, 0.0574
250,-23640.00, 0.0571
251,-18760.00, 0.0568
252,-23440.00, 0.0566
253,-23380.00, 0.0563
254,-19710.00, 0.0560
255,-23360.00, 0.0557
256,-21490.00, 0.0554
257,-21450.00, 0.0552
258,-21410.00, 0.0549
259,-22080.00, 0.0546
260,-23510.00, 0.0543
261,-22400.00, 0.0541
262,-23310.00, 0.0538
263,-20630.00, 0.0535
264,-23410.00, 0.0533
265,-23170.00, 0.0530
266,-22480.00, 0.0527
267,-23070.00, 0.0525
268,-23510.00, 0.0522
269,-23640.00, 0.0519
270,-22370.00, 0.0517
271,-22340.00, 0.0514
272,-23490.00, 0.0512
273,-23590.00, 0.0509
274,-23410.00, 0.0506
275,-21010.00, 0.0504
276,-23460.00, 0.0501
277,-23440.00, 0.0499
278,-16200.00, 0.0496
279,-22700.00, 0.0494
280,-22000.00, 0.0491
281,-23410.00, 0.0489
282,-22130.00, 0.0487
283,-21740.00, 0.0484
284,-23490.00, 0.0482
285,-22390.00, 0.0479
286,-23540.00, 0.0477
287,-23490.00, 0.0475
288,-22520.00, 0.0472
289,-23140.00, 0.0470
290,-22050.00, 0.0467
291,-22710.00, 0.0465
292,-23590.00, 0.0463
293,-23360.00, 0.0460
294,-22360.00, 0.0458
295,-22600.00, 0.0456
296,-22680.00, 0.0454
297,-23410.00, 0.0451
298,-18680.00, 0.0449
299,-22290.00, 0.0447
300,-22700.00, 0.0445
301,-22810.00, 0.0442
302,-23590.00, 0.0440
303,-22680.00, 0.0438
304,-22780.00, 0.0436
305,-23540.00, 0.0434
306,-23740.00, 0.0431
307,-23640.00, 0.0429
308,-22130.00, 0.0427
309,-23370.00, 0.0425
310,-21710.00, 0.0423
311,-23100.00, 0.0421
312,-22890.00, 0.0419
313,-23540.00, 0.0417
314,-23330.00, 0.0414
315,-22280.00, 0.0412
316,-23440.00, 0.0410
317,-22420.00, 0.0408
318,-23440.00, 0.0406
319,-18190.00, 0.0404
320,-23280.00, 0.0402
321,-22600.00, 0.0400
322,-23280.00, 0.0398
323,-21610.00, 0.0396
324,-23050.00, 0.0394
325,-21180.00, 0.0392
326,-23490.00, 0.0390
327,-22860.00, 0.0388
328,-23640.00, 0.0386
329,-23020.00, 0.0384
330,-17860.00, 0.0383
331,-21180.00, 0.0381
332,-22860.00, 0.0379
333,-20860.00, 0.0377
334,-23540.00, 0.0375
335,-23180.00, 0.0373
336,-23380.00, 0.0371
337,-23490.00, 0.0369
338,-19080.00, 0.0367
339,-23490.00, 0.0366
340,-23490.00, 0.0364
341,-23100.00, 0.0362
342,-20590.00, 0.0360
343,-23540.00, 0.0358
344,-22910.00, 0.0357
345,-23020.00, 0.0355
346,-22100.00, 0.0353
347,-23540.00, 0.0351
348,-23200.00, 0.0350
349,-23300.00, 0.0348
350,-20590.00, 0.0346
351,-22950.00, 0.0344
352,-22560.00, 0.0343
353,-23540.00, 0.0341
354,-23590.00, 0.0339
355,-23560.00, 0.0337
356,-19490.00, 0.0336
357,-23100.00, 0.0334
358,-23410.00, 0.0332
359,-22440.00, 0.0331
360,-23130.00, 0.0329
361,-23490.00, 0.0327
362,-23640.00, 0.0326
363,-21560.00, 0.0324
364,-22250.00, 0.0323
365,-22370.00, 0.0321
366,-22180.00, 0.0319
367,-22730.00, 0.0318
368,-23640.00, 0.0316
369,-23740.00, 0.0315
370,-22260.00, 0.0313
371,-22000.00, 0.0311
372,-23300.00, 0.0310
373,-22130.00, 0.0308
374,-18650.00, 0.0307
375,-21690.00, 0.0305
376,-23330.00, 0.0304
377,-23590.00, 0.0302
378,-23250.00, 0.0301
379,-22090.00, 0.0299
380,-20800.00, 0.0298
381,-23000.00, 0.0296
382,-20590.00, 0.0295
383,-22550.00, 0.0293
384,-23460.00, 0.0292
385,-18140.00, 0.0290
386,-23410.00, 0.0289
387,-23200.00, 0.0287
388,-23280.00, 0.0286
389,-19620.00, 0.0285
390,-22570.00, 0.0283
391,-13840.00, 0.0282
392,-21810.00, 0.0280
393,-20520.00, 0.0279
394,-23590.00, 0.0278
395,-23590.00, 0.0276
396,-20270.00, 0.0275
397,-21870.00, 0.0273
398,-22110.00, 0.0272
399,-22050.00, 0.0271
400,-22270.00, 0.0269
401,-23510.00, 0.0268
402,-19720.00, 0.0267
403,-23250.00, 0.0265
404,-22810.00, 0.0264
405,-22520.00, 0.0263
406,-22650.00, 0.0261
407,-22310.00, 0.0260
408,-21810.00, 0.0259
409,-23590.00, 0.0257
410,-22500.00, 0.0256
411,-18310.00, 0.0255
412,-23390.00, 0.0254
413,-22680.00, 0.0252
414,-17040.00, 0.0251
415,-22620.00, 0.0250
416,-23380.00, 0.0249
417,-23250.00, 0.0247
418,-21270.00, 0.0246
419,-23740.00, 0.0245
420,-22030.00, 0.0244
421,-20050.00, 0.0242
422,-23540.00, 0.0241
423,-23510.00, 0.0240
424,-19750.00, 0.0239
425,-23490.00, 0.0238
426,-21940.00, 0.0236
427,-19330.00, 0.0235
428,-21700.00, 0.0234
429,-22880.00, 0.0233
430,-23590.00, 0.0232
431,-16980.00, 0.0231
432,-22960.00, 0.0229
433,-21410.00, 0.0228
434,-19730.00, 0.0227
435,-23490.00, 0.0226
436,-22810.00, 0.0225
437,-23430.00, 0.0224
438,-20620.00, 0.0223
439,-23310.00, 0.0221
440,-19580.00, 0.0220
441,-20030.00, 0.0219
442,-21790.00, 0.0218
443,-23150.00, 0.0217
444,-16060.00, 0.0216
445,-20530.00, 0.0215
446,-18100.00, 0.0214
447,-23330.00, 0.0213
448,-19940.00, 0.0212
449,-21760.00, 0.0211
450,-23150.00, 0.0210
451,-23280.00, 0.0209
452,-23010.00, 0.0208
453,-23690.00, 0.0206
454,-21630.00, 0.0205
455,-20200.00, 0.0204
456,-22620.00, 0.0203
457,-15970.00, 0.0202
458,-22810.00, 0.0201
459,-23460.00, 0.0200
460,-18370.00, 0.0199
461,-20920.00, 0.0198
462,-23490.00, 0.0197
463,-20370.00, 0.0196
464,-21360.00, 0.0195
465,-23460.00, 0.0194
466,-21030.00, 0.0193
467,-22500.00, 0.0192
468,-21810.00, 0.0192
469,-23540.00, 0.0191
470,-23070.00, 0.0190
471,-20950.00, 0.0189
472,-23210.00, 0.0188
473,-22490.00, 0.0187
474,-21540.00, 0.0186
475,-20570.00, 0.0185
476,-23230.00, 0.0184
477,-23490.00, 0.0183
478,-21270.00, 0.0182
479,-23490.00, 0.0181
480,-22720.00, 0.0180
481,-20710.00, 0.0179
482,-22870.00, 0.0179
483,-16810.00, 0.0178
484,-17830.00, 0.0177
485,-20480.00, 0.0176
486,-23540.00, 0.0175
487,-23740.00, 0.0174
488,-22130.00, 0.0173
489,-17470.00, 0.0172
490,-23540.00, 0.0172
491,-23440.00, 0.0171
492,-23330.00, 0.0170
493,-21740.00, 0.0169
494,-23440.00, 0.0168
495,-22320.00, 0.0167
496,-23590.00, 0.0166
497,-21000.00, 0.0166
498,-18550.00, 0.0165
499,-23490.00, 0.0164
500,-19510.00, 0.0163
501,-16480.00, 0.0162
502,-20850.00, 0.0162
503,-22990.00, 0.0161
504,-22080.00, 0.0160
505,-20980.00, 0.0159
506,-21560.00, 0.0158
507,-22620.00, 0.0158
508,-21260.00, 0.0157
509,-20760.00, 0.0156
510,-23540.00, 0.0155
511,-20940.00, 0.0154
512,-22660.00, 0.0154
513,-21780.00, 0.0153
514,-22070.00, 0.0152
515,-20250.00, 0.0151
516,-22470.00, 0.0151
517,-22550.00, 0.0150
518,-23540.00, 0.0149
519,-15230.00, 0.0148
520,-23440.00, 0.0148
521,-20140.00, 0.0147
522,-20800.00, 0.0146
523,-19860.00, 0.0145
524,-22140.00, 0.0145
525,-14770.00, 0.0144
526,-23330.00, 0.0143
527,-22840.00, 0.0142
528,-23510.00, 0.0142
529,-22680.00, 0.0141
530,-20220.00, 0.0140
531,-23590.00, 0.0140
532,-21710.00, 0.0139
533,-23410.00, 0.0138
534,-23440.00, 0.0138
535,-22290.00, 0.0137
536,-16080.00, 0.0136
537,-20190.00, 0.0136
538,-22910.00, 0.0135
539,-22680.00, 0.0134
540,-12320.00, 0.0134
541,-23440.00, 0.0133
542,-18980.00, 0.0132
543,-22970.00, 0.0132
544,-23690.00, 0.0131
545,-23690.00, 0.0130
546,-23290.00, 0.0130
547,-20930.00, 0.0129
548,-22720.00, 0.0128
549,-21670.00, 0.0128
550,-21790.00, 0.0127
551,-22360.00, 0.0126
552,-23640.00, 0.0126
553,-22000.00, 0.0125
554,-23440.00, 0.0124
555,-21980.00, 0.0124
556,-22030.00, 0.0123
557,-23230.00, 0.0123
558,-23690.00, 0.0122
559,-22870.00, 0.0121
560,-19080.00, 0.0121
561,-22340.00, 0.0120
562,-23180.00, 0.0120
563,-22410.00, 0.0119
564,-19700.00, 0.0118
565,-22470.00, 0.0118
566,-19510.00, 0.0117
567,-22340.00, 0.0117
568,-22430.00, 0.0116
569,-14970.00, 0.0115
570,-22230.00, 0.0115
571,-22910.00, 0.0114
572,-15400.00, 0.0114
573,-23790.00, 0.0113
574,-20090.00, 0.0113
575,-21590.00, 0.0112
576,-23540.00, 0.0111
577,-16600.00, 0.0111
578,-20120.00, 0.0110
579,-23390.00, 0.0110
580,-17520.00, 0.0109
581,-21420.00, 0.0109
582,-20250.00, 0.0108
583,-23350.00, 0.0108
584,-20180.00, 0.0107
585,-19800.00, 0.0107
586,-20930.00, 0.0106
587,-18190.00, 0.0105
588,-23480.00, 0.0105
589,-23020.00, 0.0104
590,-19880.00, 0.0104
591,-21350.00, 0.0103
592,-20300.00, 0.0103
593,-17250.00, 0.0102
594,-23360.00, 0.0102
595,-23400.00, 0.0101
596,-16570.00, 0.0101
597,-20700.00, 0.0100
598,-21290.00, 0.0100
599,-18240.00, 0.0099
600,-22520.00, 0.0099
601,-15780.00, 0.0098
602,-22310.00, 0.0098
603,-21900.00, 0.0097
604,-15140.00, 0.0097
605,-15590.00, 0.0096
606,-19110.00, 0.0096
607,-22370.00, 0.0095
608,-22880.00, 0.0095
609,-22580.00, 0.0094
610,-18530.00, 0.0094
611,-17660.00, 0.0094
612,-6950.00, 0.0093
613,-22990.00, 0.0093
614,-23590.00, 0.0092
615,-21430.00, 0.0092
616,-23440.00, 0.0091
617,-19360.00, 0.0091
618,-23490.00, 0.0090
619,-22410.00, 0.0090
620,-21170.00, 0.0089
621,-21790.00, 0.0089
622,-23330.00, 0.0089
623,-21600.00, 0.0088
624,-23460.00, 0.0088
625,-23270.00, 0.0087
626,-22650.00, 0.0087
627,-20890.00, 0.0086
628,-15360.00, 0.0086
629,-23150.00, 0.0085
630,-23540.00, 0.0085
631,-22320.00, 0.0085
632,-18980.00, 0.0084
633,-22000.00, 0.0084
634,-19310.00, 0.0083
635,-16630.00, 0.0083
636,-16260.00, 0.0083
637,-23510.00, 0.0082
638,-18070.00, 0.0082
639,-20590.00, 0.0081
640,-17070.00, 0.0081
641,-23590.00, 0.0080
642,-23280.00, 0.0080
643,-16000.00, 0.0080
644,-23230.00, 0.0079
645,-16720.00, 0.0079
646,-22010.00, 0.0078
647,-21630.00, 0.0078
648,-12660.00, 0.0078
649,-22220.00, 0.0077
650,-13490.00, 0.0077
651,-18910.00, 0.0077
652,-21880.00, 0.0076
653,-23390.00, 0.0076
654,-13910.00, 0.0075
655,-20330.00, 0.0075
656,-21930.00, 0.0075
657,-22100.00, 0.0074
658,-15760.00, 0.0074
659,-17780.00, 0.0074
660,-22940.00, 0.0073
661,-23280.00, 0.0073
662,-22390.00, 0.0072
663,-22260.00, 0.0072
664,-22990.00, 0.0072
665,-23310.00, 0.0071
666,-21950.00, 0.0071
667,-20700.00, 0.0071
668,-21530.00, 0.0070
669,-22680.00, 0.0070
670,-22150.00, 0.0070
671,-20260.00, 0.0069
672,-9040.00, 0.0069
673,-19440.00, 0.0069
674,-23540.00, 0.0068
675,-21560.00, 0.0068
676,-20710.00, 0.0068
677,-17860.00, 0.0067
678,-22470.00, 0.0067
679,-19420.00, 0.0067
680,-23080.00, 0.0066
681,-18270.00, 0.0066
682,-21240.00, 0.0066
683,-21500.00, 0.0065
684,-20150.00, 0.0065
685,-23390.00, 0.0065
686,-14000.00, 0.0064
687,-22760.00, 0.0064
688,-22760.00, 0.0064
689,-23170.00, 0.0063
690,-18840.00, 0.0063
691,-23640.00, 0.0063
692,-22840.00, 0.0062
693,-23230.00, 0.0062
694,-23590.00, 0.0062
695,-21900.00, 0.0061
696,-22890.00, 0.0061
697,-19270.00, 0.0061
698,-23230.00, 0.0060
699,-22810.00, 0.0060
700,-23640.00, 0.0060
701,-20150.00, 0.0060
702,-23390.00, 0.0059
703,-19340.00, 0.0059
704,-23490.00, 0.0059
705,-20650.00, 0.0058
706,-23020.00, 0.0058
707,-22630.00, 0.0058
708,-15410.00, 0.0058
709,-14460.00, 0.0057
710,-16060.00, 0.0057
711,-22360.00, 0.0057
712,-23640.00, 0.0056
713,-19150.00, 0.0056
714,-22170.00, 0.0056
715,-23180.00, 0.0056
716,-21980.00, 0.0055
717,-23360.00, 0.0055
718,-23530.00, 0.0055
719,-23540.00, 0.0054
720,-22160.00, 0.0054
721,-22730.00, 0.0054
722,-19680.00, 0.0054
723,-13610.00, 0.0053
724,-18920.00, 0.0053
725,-20140.00, 0.0053
726,-19980.00, 0.0053
727,-14290.00, 0.0052
728,-22550.00, 0.0052
729,-21800.00, 0.0052
730,-21640.00, 0.0052
731,-22340.00, 0.0051
732,-22450.00, 0.0051
733,-21950.00, 0.0051
734,-21790.00, 0.0050
735,-15890.00, 0.0050
736,-23310.00, 0.0050
737,-23390.00, 0.0050
738,-23150.00, 0.0049
739,-13020.00, 0.0049
740,-23490.00, 0.0049
741,-23440.00, 0.0049
742,-23380.00, 0.0049
743,-22580.00, 0.0048
744,-23590.00, 0.0048
745,-23180.00, 0.0048
746,-22470.00, 0.0048
747,-15450.00, 0.0047
748,-21060.00, 0.0047
749,-23380.00, 0.0047
750,-21120.00, 0.0047
751,-23440.00, 0.0046
752,-10340.00, 0.0046
753,-23430.00, 0.0046
754,-16460.00, 0.0046
755,-22210.00, 0.0045
756,-23460.00, 0.0045
757,-23200.00, 0.0045
758,-16200.00, 0.0045
759,-21110.00, 0.0045
760,-23410.00, 0.0044
761,-23280.00, 0.0044
762,-21460.00, 0.0044
763,-13760.00, 0.0044
764,-21220.00, 0.0043
765,-18220.00, 0.0043
766,-23540.00, 0.0043
767,-18220.00, 0.0043
768,-19780.00, 0.0043
769,-21030.00, 0.0042
770,-16790.00, 0.0042
771,-19490.00, 0.0042
772,-20960.00, 0.0042
773,-22760.00, 0.0042
774,-16400.00, 0.0041
775,-20620.00, 0.0041
776,-23540.00, 0.0041
777,-23100.00, 0.0041
778,-20540.00, 0.0040
779,-22100.00, 0.0040
780,-22340.00, 0.0040
781,-21950.00, 0.0040
782,-20990.00, 0.0040
783,-11010.00, 0.0039
784,-19180.00, 0.0039
785,-22730.00, 0.0039
786,-19750.00, 0.0039
787,-22140.00, 0.0039
788,-17900.00, 0.0039
789,-20430.00, 0.0038
790,-22360.00, 0.0038
791,-23360.00, 0.0038
792,-22000.00, 0.0038
793,-20600.00, 0.0038
794,-23490.00, 0.0037
795,-21220.00, 0.0037
796,-16780.00, 0.0037
797,-15480.00, 0.0037
798,-20130.00, 0.0037
799,-17640.00, 0.0036
800,-7600.00, 0.0036
801,-21570.00, 0.0036
802,-21460.00, 0.0036
803,-20000.00, 0.0036
804,-23510.00, 0.0036
805,-20830.00, 0.0035
806,-23210.00, 0.0035
807,-16570.00, 0.0035
808,-18650.00, 0.0035
809,-23540.00, 0.0035
810,-22070.00, 0.0034
811,-15240.00, 0.0034
812,-19580.00, 0.0034
813,-23440.00, 0.0034
814,-23540.00, 0.0034
815,-22840.00, 0.0034
816,-23490.00, 0.0033
817,-18200.00, 0.0033
818,-21440.00, 0.0033
819,-18230.00, 0.0033
820,-22240.00, 0.0033
821,-20620.00, 0.0033
822,-23440.00, 0.0032
823,-21990.00, 0.0032
824,-15970.00, 0.0032
825,-22050.00, 0.0032
826,-19290.00, 0.0032
827,-18630.00, 0.0032
828,-14430.00, 0.0032
829,-16750.00, 0.0031
830,-21370.00, 0.0031
831,-22130.00, 0.0031
832,-21870.00, 0.0031
833,-21090.00, 0.0031
834,-20980.00, 0.0031
835,-19660.00, 0.0030
836,-22840.00, 0.0030
837,-23040.00, 0.0030
838,-22740.00, 0.0030
839,-19860.00, 0.0030
840,-15420.00, 0.0030
841,-19280.00, 0.0030
842,-10460.00, 0.0029
843,-22790.00, 0.0029
844,-22550.00, 0.0029
845,-16580.00, 0.0029
846,-22620.00, 0.0029
847,-17900.00, 0.0029
848,-12610.00, 0.0029
849,-14060.00, 0.0028
850,-7150.00, 0.0028
851,-22000.00, 0.0028
852,-22110.00, 0.0028
853,-21710.00, 0.0028
854,-22260.00, 0.0028
855,-21620.00, 0.0028
856,-22600.00, 0.0027
857,-18110.00, 0.0027
858,-22600.00, 0.0027
859,-23000.00, 0.0027
860,-15720.00, 0.0027
861,-18840.00, 0.0027
862,-19760.00, 0.0027
863,-23490.00, 0.0026
864,-21820.00, 0.0026
865,-11980.00, 0.0026
866,-17020.00, 0.0026
867,-21480.00, 0.0026
868,-19100.00, 0.0026
869,-20710.00, 0.0026
870,-17420.00, 0.0026
871,-23180.00, 0.0025
872,-10310.00, 0.0025
873,-23200.00, 0.0025
874,-23540.00, 0.0025
875,-22550.00, 0.0025
876,-14430.00, 0.0025
877,-23050.00, 0.0025
878,-17130.00, 0.0025
879,-21630.00, 0.0024
880,-16300.00, 0.0024
881,-20050.00, 0.0024
882,-23410.00, 0.0024
883,-11980.00, 0.0024
884,-15590.00, 0.0024
885,-22150.00, 0.0024
886,-15650.00, 0.0024
887,-22810.00, 0.0023
888,-20110.00, 0.0023
889,-18040.00, 0.0023
890,-22700.00, 0.0023
891,-22680.00, 0.0023
892,-23230.00, 0.0023
893,-11620.00, 0.0023
894,-23490.00, 0.0023
895,-21860.00, 0.0023
896,-16250.00, 0.0022
897,-17380.00, 0.0022
898,-23490.00, 0.0022
899,-23490.00, 0.0022
900,-20150.00, 0.0022
901,-23590.00, 0.0022
902,-22000.00, 0.0022
903,-23490.00, 0.0022
904,-14480.00, 0.0022
905,-23260.00, 0.0021
906,-3130.00, 0.0021
907,-23020.00, 0.0021
908,-19470.00, 0.0021
909,-9760.00, 0.0021
910,-21220.00, 0.0021
911,-23070.00, 0.0021
912,-18660.00, 0.0021
913,-6210.00, 0.0021
914,-21990.00, 0.0020
915,-23310.00, 0.0020
916,-19010.00, 0.0020
917,-18970.00, 0.0020
918,-20560.00, 0.0020
919,-19180.00, 0.0020
920,-21210.00, 0.0020
921,-3980.00, 0.0020
922,-22480.00, 0.0020
923,-23490.00, 0.0020
924,-7930.00, 0.0019
925,-17840.00, 0.0019
926,-22680.00, 0.0019
927,-21900.00, 0.0019
928,-21440.00, 0.0019
929,-21130.00, 0.0019
930,-9160.00, 0.0019
931,-21950.00, 0.0019
932,-15900.00, 0.0019
933,-18280.00, 0.0019
934,-17490.00, 0.0019
935,-18330.00, 0.0018
936,-23540.00, 0.0018
937,-18940.00, 0.0018
938,-23540.00, 0.0018
939,-19900.00, 0.0018
940,-9660.00, 0.0018
941,-21810.00, 0.0018
942,-19080.00, 0.0018
943,-23180.00, 0.0018
944,-22620.00, 0.0018
945,-18070.00, 0.0018
946,-22890.00, 0.0017
947,-22260.00, 0.0017
948,-21520.00, 0.0017
949,-21580.00, 0.0017
950,-23590.00, 0.0017
951,-17010.00, 0.0017
952,-21120.00, 0.0017
953,-23490.00, 0.0017
954,-22110.00, 0.0017
955,-22830.00, 0.0017
956,-15390.00, 0.0017
957,-1000.00, 0.0017
958,-23360.00, 0.0016
959,-15200.00, 0.0016
960,-22160.00, 0.0016
961,-13670.00, 0.0016
962,-13680.00, 0.0016
963,-20090.00, 0.0016
964,-13090.00, 0.0016
965,-19380.00, 0.0016
966,-20580.00, 0.0016
967,-22550.00, 0.0016
968,-20990.00, 0.0016
969,-23540.00, 0.0016
970,-19960.00, 0.0015
971,-19260.00, 0.0015
972,-18630.00, 0.0015
973,-20570.00, 0.0015
974,-8250.00, 0.0015
975,-18940.00, 0.0015
976,-23020.00, 0.0015
977,-22550.00, 0.0015
978,-17560.00, 0.0015
979,-23540.00, 0.0015
980,-18660.00, 0.0015
981,-20370.00, 0.0015
982,-21200.00, 0.0015
983,-21220.00, 0.0014
984,-15530.00, 0.0014
985,-23490.00, 0.0014
986,-23440.00, 0.0014
987,-15950.00, 0.0014
988,-22810.00, 0.0014
989,-20820.00, 0.0014
990,-22210.00, 0.0014
991,-16710.00, 0.0014
992,-17710.00, 0.0014
993,-23260.00, 0.0014
994,-19370.00, 0.0014
995,-20640.00, 0.0014
996,-23540.00, 0.0014
997,-22140.00, 0.0014
998,-20260.00, 0.0013
999,-23490.00, 0.0013
1000,-22360.00, 0.0013
