Episode, Total Reward, Epsilon
1,-6356.00, 0.1990
2,-5841.00, 0.1980
3,-4086.00, 0.1970
4,-4448.00, 0.1960
5,-4986.00, 0.1950
6,-4449.00, 0.1941
7,-6121.00, 0.1931
8,-4863.00, 0.1921
9,-5391.00, 0.1912
10,-6260.00, 0.1902
11,-5731.00, 0.1893
12,-5096.00, 0.1883
13,-5390.00, 0.1874
14,-4343.00, 0.1864
15,-5381.00, 0.1855
16,-5616.00, 0.1846
17,-4846.00, 0.1837
18,-5001.00, 0.1827
19,-4384.00, 0.1818
20,-4411.00, 0.1809
21,-4508.00, 0.1800
22,-6833.00, 0.1791
23,-4859.00, 0.1782
24,-4713.00, 0.1773
25,-3846.00, 0.1764
26,-3956.00, 0.1756
27,-4018.00, 0.1747
28,-3196.00, 0.1738
29,-4856.00, 0.1729
30,-4549.00, 0.1721
31,-3770.00, 0.1712
32,-3351.00, 0.1704
33,-4453.00, 0.1695
34,-6306.00, 0.1687
35,-3712.00, 0.1678
36,-5571.00, 0.1670
37,-3431.00, 0.1661
38,-4896.00, 0.1653
39,-4671.00, 0.1645
40,-4111.00, 0.1637
41,-4044.00, 0.1628
42,-3242.00, 0.1620
43,-3280.00, 0.1612
44,-3319.00, 0.1604
45,-2894.00, 0.1596
46,-3991.00, 0.1588
47,-4443.00, 0.1580
48,-4421.00, 0.1572
49,-4027.00, 0.1564
50,-5136.00, 0.1557
51,-2766.00, 0.1549
52,-5500.00, 0.1541
53,-5701.00, 0.1533
54,-4395.00, 0.1526
55,-4861.00, 0.1518
56,-4065.00, 0.1511
57,-4291.00, 0.1503
58,-3275.00, 0.1495
59,-4490.00, 0.1488
60,-3836.00, 0.1481
61,-5073.00, 0.1473
62,-4906.00, 0.1466
63,-5466.00, 0.1458
64,-4526.00, 0.1451
65,-4721.00, 0.1444
66,-4621.00, 0.1437
67,-4856.00, 0.1429
68,-3546.00, 0.1422
69,-4061.00, 0.1415
70,-3621.00, 0.1408
71,-4184.00, 0.1401
72,-3741.00, 0.1394
73,-4401.00, 0.1387
74,-3120.00, 0.1380
75,-4667.00, 0.1373
76,-2936.00, 0.1366
77,-5081.00, 0.1360
78,-5026.00, 0.1353
79,-3186.00, 0.1346
80,-3886.00, 0.1339
81,-2939.00, 0.1333
82,-3501.00, 0.1326
83,-3467.00, 0.1319
84,-3200.00, 0.1313
85,-4670.00, 0.1306
86,-3962.00, 0.1300
87,-2873.00, 0.1293
88,-3062.00, 0.1287
89,-4154.00, 0.1280
90,-3316.00, 0.1274
91,-3071.00, 0.1267
92,-4341.00, 0.1261
93,-2920.00, 0.1255
94,-4152.00, 0.1249
95,-2821.00, 0.1242
96,-3931.00, 0.1236
97,-2536.00, 0.1230
98,-3345.00, 0.1224
99,-3706.00, 0.1218
100,-3556.00, 0.1212
101,-3368.00, 0.1205
102,-3601.00, 0.1199
103,-4246.00, 0.1193
104,-4811.00, 0.1187
105,-1853.00, 0.1182
106,-2948.00, 0.1176
107,-4292.00, 0.1170
108,-3426.00, 0.1164
109,-4554.00, 0.1158
110,-3616.00, 0.1152
111,-2638.00, 0.1147
112,-4306.00, 0.1141
113,-2276.00, 0.1135
114,-3201.00, 0.1129
115,-3266.00, 0.1124
116,-3210.00, 0.1118
117,-3181.00, 0.1113
118,-3547.00, 0.1107
119,-3067.00, 0.1101
120,-3252.00, 0.1096
121,-2903.00, 0.1090
122,-2154.00, 0.1085
123,-3259.00, 0.1080
124,-4785.00, 0.1074
125,-4196.00, 0.1069
126,-3042.00, 0.1064
127,-2571.00, 0.1058
128,-4251.00, 0.1053
129,-3416.00, 0.1048
130,-3400.00, 0.1042
131,-3179.00, 0.1037
132,-4151.00, 0.1032
133,-2981.00, 0.1027
134,-4241.00, 0.1022
135,-2338.00, 0.1017
136,-3126.00, 0.1012
137,-2776.00, 0.1006
138,-3286.00, 0.1001
139,-3263.00, 0.0996
140,-4001.00, 0.0991
141,-3253.00, 0.0986
142,-4107.00, 0.0982
143,-3524.00, 0.0977
144,-4388.00, 0.0972
145,-3232.00, 0.0967
146,-1966.00, 0.0962
147,-2741.00, 0.0957
148,-2226.00, 0.0952
149,-2919.00, 0.0948
150,-3333.00, 0.0943
151,-3591.00, 0.0938
152,-2960.00, 0.0934
153,-2487.00, 0.0929
154,-3531.00, 0.0924
155,-1946.00, 0.0920
156,-2861.00, 0.0915
157,-2209.00, 0.0910
158,-2240.00, 0.0906
159,-4408.00, 0.0901
160,-4235.00, 0.0897
161,-2238.00, 0.0892
162,-3690.00, 0.0888
163,-3751.00, 0.0883
164,-2321.00, 0.0879
165,-3473.00, 0.0875
166,-3436.00, 0.0870
167,-2664.00, 0.0866
168,-2051.00, 0.0862
169,-3907.00, 0.0857
170,-4907.00, 0.0853
171,-3198.00, 0.0849
172,-2656.00, 0.0845
173,-3285.00, 0.0840
174,-3271.00, 0.0836
175,-3600.00, 0.0832
176,-3097.00, 0.0828
177,-3055.00, 0.0824
178,-3091.00, 0.0819
179,-2961.00, 0.0815
180,-3741.00, 0.0811
181,-4323.00, 0.0807
182,-4587.00, 0.0803
183,-3380.00, 0.0799
184,-2005.00, 0.0795
185,-2116.00, 0.0791
186,-3239.00, 0.0787
187,-3416.00, 0.0783
188,-2601.00, 0.0779
189,-1897.00, 0.0776
190,-2626.00, 0.0772
191,-4402.00, 0.0768
192,-3793.00, 0.0764
193,-2609.00, 0.0760
194,-3191.00, 0.0756
195,-2116.00, 0.0753
196,-3874.00, 0.0749
197,-3481.00, 0.0745
198,-2261.00, 0.0741
199,-2843.00, 0.0738
200,-4324.00, 0.0734
201,-3381.00, 0.0730
202,-3741.00, 0.0727
203,-2577.00, 0.0723
204,-2561.00, 0.0719
205,-2831.00, 0.0716
206,-2843.00, 0.0712
207,-4986.00, 0.0709
208,-3686.00, 0.0705
209,-3251.00, 0.0702
210,-4084.00, 0.0698
211,-3396.00, 0.0695
212,-1186.00, 0.0691
213,-3674.00, 0.0688
214,-2731.00, 0.0684
215,-4235.00, 0.0681
216,-2326.00, 0.0677
217,-3441.00, 0.0674
218,-3569.00, 0.0671
219,-2725.00, 0.0667
220,-3186.00, 0.0664
221,-2956.00, 0.0661
222,-3015.00, 0.0657
223,-2381.00, 0.0654
224,-2671.00, 0.0651
225,-3126.00, 0.0647
226,-2825.00, 0.0644
227,-3421.00, 0.0641
228,-3250.00, 0.0638
229,-2827.00, 0.0635
230,-4158.00, 0.0631
231,-2916.00, 0.0628
232,-2706.00, 0.0625
233,-2373.00, 0.0622
234,-2341.00, 0.0619
235,-3293.00, 0.0616
236,-2247.00, 0.0613
237,-3183.00, 0.0610
238,-2221.00, 0.0607
239,-2246.00, 0.0604
240,-3661.00, 0.0601
241,-3668.00, 0.0598
242,-2452.00, 0.0595
243,-2401.00, 0.0592
244,-2989.00, 0.0589
245,-3312.00, 0.0586
246,-3886.00, 0.0583
247,-3692.00, 0.0580
248,-2534.00, 0.0577
249,-4031.00, 0.0574
250,-3706.00, 0.0571
251,-2073.00, 0.0568
252,-2276.00, 0.0566
253,-2306.00, 0.0563
254,-3944.00, 0.0560
255,-3081.00, 0.0557
256,-2221.00, 0.0554
257,-2806.00, 0.0552
258,-4626.00, 0.0549
259,-1726.00, 0.0546
260,-1881.00, 0.0543
261,-2584.00, 0.0541
262,-1281.00, 0.0538
263,-3322.00, 0.0535
264,-3276.00, 0.0533
265,-2334.00, 0.0530
266,-3691.00, 0.0527
267,-3385.00, 0.0525
268,-3145.00, 0.0522
269,-2033.00, 0.0519
270,-3448.00, 0.0517
271,-2656.00, 0.0514
272,-2053.00, 0.0512
273,-2821.00, 0.0509
274,-3915.00, 0.0506
275,-2514.00, 0.0504
276,-2626.00, 0.0501
277,-2745.00, 0.0499
278,-911.00, 0.0496
279,-2886.00, 0.0494
280,-3688.00, 0.0491
281,-3124.00, 0.0489
282,-2984.00, 0.0487
283,-2669.00, 0.0484
284,-2476.00, 0.0482
285,-3557.00, 0.0479
286,-3496.00, 0.0477
287,-3396.00, 0.0475
288,-1631.00, 0.0472
289,-2890.00, 0.0470
290,-3776.00, 0.0467
291,-1887.00, 0.0465
292,-1661.00, 0.0463
293,-2847.00, 0.0460
294,-3746.00, 0.0458
295,-2201.00, 0.0456
296,-3643.00, 0.0454
297,-3211.00, 0.0451
298,-2780.00, 0.0449
299,-2871.00, 0.0447
300,-2528.00, 0.0445
301,-1632.00, 0.0442
302,-3551.00, 0.0440
303,-2856.00, 0.0438
304,-4211.00, 0.0436
305,-1987.00, 0.0434
306,-1942.00, 0.0431
307,-3464.00, 0.0429
308,-2232.00, 0.0427
309,-3276.00, 0.0425
310,-3849.00, 0.0423
311,-2243.00, 0.0421
312,-1878.00, 0.0419
313,-1687.00, 0.0417
314,-3041.00, 0.0414
315,-3916.00, 0.0412
316,-3321.00, 0.0410
317,-1864.00, 0.0408
318,-2631.00, 0.0406
319,-3996.00, 0.0404
320,-3379.00, 0.0402
321,-3116.00, 0.0400
322,-1781.00, 0.0398
323,-2478.00, 0.0396
324,-2509.00, 0.0394
325,-3346.00, 0.0392
326,-4094.00, 0.0390
327,-2826.00, 0.0388
328,-3526.00, 0.0386
329,-1951.00, 0.0384
330,-2171.00, 0.0383
331,-3446.00, 0.0381
332,-1941.00, 0.0379
333,-3575.00, 0.0377
334,-2397.00, 0.0375
335,-1741.00, 0.0373
336,-3586.00, 0.0371
337,-3152.00, 0.0369
338,-4076.00, 0.0367
339,-2380.00, 0.0366
340,-2716.00, 0.0364
341,-3416.00, 0.0362
342,-2984.00, 0.0360
343,-2713.00, 0.0358
344,-3390.00, 0.0357
345,-3180.00, 0.0355
346,-2825.00, 0.0353
347,-3763.00, 0.0351
348,-3886.00, 0.0350
349,-2953.00, 0.0348
350,-916.00, 0.0346
351,-3311.00, 0.0344
352,-2336.00, 0.0343
353,-2177.00, 0.0341
354,-3242.00, 0.0339
355,-2011.00, 0.0337
356,-4342.00, 0.0336
357,-2841.00, 0.0334
358,-3003.00, 0.0332
359,-2591.00, 0.0331
360,-3051.00, 0.0329
361,-2691.00, 0.0327
362,-3420.00, 0.0326
363,-1567.00, 0.0324
364,-1276.00, 0.0323
365,-3122.00, 0.0321
366,-2744.00, 0.0319
367,-2416.00, 0.0318
368,-1638.00, 0.0316
369,-1228.00, 0.0315
370,-2351.00, 0.0313
371,-2916.00, 0.0311
372,-2586.00, 0.0310
373,-2430.00, 0.0308
374,-2596.00, 0.0307
375,-4131.00, 0.0305
376,-2800.00, 0.0304
377,-3847.00, 0.0302
378,-3063.00, 0.0301
379,-1835.00, 0.0299
380,-1961.00, 0.0298
381,-3973.00, 0.0296
382,-3204.00, 0.0295
383,-3290.00, 0.0293
384,-2248.00, 0.0292
385,-2181.00, 0.0290
386,-2919.00, 0.0289
387,-4100.00, 0.0287
388,-2856.00, 0.0286
389,-2661.00, 0.0285
390,-2529.00, 0.0283
391,-1981.00, 0.0282
392,-4481.00, 0.0280
393,-2985.00, 0.0279
394,-2932.00, 0.0278
395,-2223.00, 0.0276
396,-3520.00, 0.0275
397,-1436.00, 0.0273
398,-1986.00, 0.0272
399,-3446.00, 0.0271
400,-2947.00, 0.0269
401,-3454.00, 0.0268
402,-1999.00, 0.0267
403,-1993.00, 0.0265
404,-2482.00, 0.0264
405,-2676.00, 0.0263
406,-1346.00, 0.0261
407,-2431.00, 0.0260
408,-2696.00, 0.0259
409,-3296.00, 0.0257
410,-2509.00, 0.0256
411,-3942.00, 0.0255
412,-871.00, 0.0254
413,-846.00, 0.0252
414,-1636.00, 0.0251
415,-1136.00, 0.0250
416,-3079.00, 0.0249
417,-2386.00, 0.0247
418,-2121.00, 0.0246
419,-1971.00, 0.0245
420,-2244.00, 0.0244
421,-3322.00, 0.0242
422,-1357.00, 0.0241
423,-3021.00, 0.0240
424,-2926.00, 0.0239
425,-2711.00, 0.0238
426,-3606.00, 0.0236
427,-1760.00, 0.0235
428,-1703.00, 0.0234
429,-1212.00, 0.0233
430,-1057.00, 0.0232
431,-2921.00, 0.0231
432,-2581.00, 0.0229
433,-1926.00, 0.0228
434,-2101.00, 0.0227
435,-2508.00, 0.0226
436,-3356.00, 0.0225
437,-2856.00, 0.0224
438,-109.00, 0.0223
439,-1853.00, 0.0221
440,-2589.00, 0.0220
441,-3794.00, 0.0219
442,-1647.00, 0.0218
443,-2001.00, 0.0217
444,-1326.00, 0.0216
445,-2729.00, 0.0215
446,-1786.00, 0.0214
447,-3491.00, 0.0213
448,-3136.00, 0.0212
449,-2141.00, 0.0211
450,-2871.00, 0.0210
451,-1564.00, 0.0209
452,-1541.00, 0.0208
453,-2666.00, 0.0206
454,-2099.00, 0.0205
455,-2824.00, 0.0204
456,-1718.00, 0.0203
457,-2729.00, 0.0202
458,-1933.00, 0.0201
459,-1831.00, 0.0200
460,-2334.00, 0.0199
461,-1536.00, 0.0198
462,-2274.00, 0.0197
463,-2516.00, 0.0196
464,-1846.00, 0.0195
465,-2311.00, 0.0194
466,-2500.00, 0.0193
467,-1286.00, 0.0192
468,-2271.00, 0.0192
469,-1782.00, 0.0191
470,-2673.00, 0.0190
471,-3474.00, 0.0189
472,-1446.00, 0.0188
473,-2689.00, 0.0187
474,-2599.00, 0.0186
475,-2603.00, 0.0185
476,-3547.00, 0.0184
477,-1389.00, 0.0183
478,-1556.00, 0.0182
479,-2906.00, 0.0181
480,-3847.00, 0.0180
481,-4491.00, 0.0179
482,-2582.00, 0.0179
483,-3936.00, 0.0178
484,-1738.00, 0.0177
485,-1601.00, 0.0176
486,-1951.00, 0.0175
487,-3266.00, 0.0174
488,-1882.00, 0.0173
489,-1831.00, 0.0172
490,-1730.00, 0.0172
491,-2321.00, 0.0171
492,-1641.00, 0.0170
493,-2061.00, 0.0169
494,-2676.00, 0.0168
495,-3861.00, 0.0167
496,-3250.00, 0.0166
497,-3711.00, 0.0166
498,-3643.00, 0.0165
499,-2577.00, 0.0164
500,-2326.00, 0.0163
501,-1876.00, 0.0162
502,-3121.00, 0.0162
503,-1886.00, 0.0161
504,-1162.00, 0.0160
505,-2801.00, 0.0159
506,-2033.00, 0.0158
507,-1304.00, 0.0158
508,-1419.00, 0.0157
509,-2246.00, 0.0156
510,-3079.00, 0.0155
511,-2970.00, 0.0154
512,-3731.00, 0.0154
513,-1727.00, 0.0153
514,-3038.00, 0.0152
515,-2093.00, 0.0151
516,-3153.00, 0.0151
517,-4811.00, 0.0150
518,-4147.00, 0.0149
519,-2266.00, 0.0148
520,-2726.00, 0.0148
521,-1926.00, 0.0147
522,-4111.00, 0.0146
523,-2870.00, 0.0145
524,-4666.00, 0.0145
525,-2081.00, 0.0144
526,-2876.00, 0.0143
527,-1561.00, 0.0142
528,-1667.00, 0.0142
529,-1052.00, 0.0141
530,-2654.00, 0.0140
531,-1706.00, 0.0140
532,-1381.00, 0.0139
533,-2267.00, 0.0138
534,-1908.00, 0.0138
535,-1248.00, 0.0137
536,-1791.00, 0.0136
537,-952.00, 0.0136
538,-2422.00, 0.0135
539,-1921.00, 0.0134
540,-2601.00, 0.0134
541,-2981.00, 0.0133
542,-1171.00, 0.0132
543,-2975.00, 0.0132
544,-2626.00, 0.0131
545,-2359.00, 0.0130
546,-3504.00, 0.0130
547,-2866.00, 0.0129
548,-3491.00, 0.0128
549,-3227.00, 0.0128
550,-1926.00, 0.0127
551,-1376.00, 0.0126
552,-4220.00, 0.0126
553,-2440.00, 0.0125
554,-1605.00, 0.0124
555,-2652.00, 0.0124
556,-2665.00, 0.0123
557,-2698.00, 0.0123
558,-2418.00, 0.0122
559,-2920.00, 0.0121
560,-2106.00, 0.0121
561,-2037.00, 0.0120
562,-3555.00, 0.0120
563,-2791.00, 0.0119
564,-1676.00, 0.0118
565,-2269.00, 0.0118
566,-1369.00, 0.0117
567,-2061.00, 0.0117
568,-2911.00, 0.0116
569,-2275.00, 0.0115
570,-1594.00, 0.0115
571,-2458.00, 0.0114
572,-3037.00, 0.0114
573,-1615.00, 0.0113
574,-2406.00, 0.0113
575,-2656.00, 0.0112
576,-2191.00, 0.0111
577,-901.00, 0.0111
578,-2816.00, 0.0110
579,-2186.00, 0.0110
580,-2280.00, 0.0109
581,-1722.00, 0.0109
582,-2946.00, 0.0108
583,-1608.00, 0.0108
584,-2580.00, 0.0107
585,-1337.00, 0.0107
586,-1166.00, 0.0106
587,-1962.00, 0.0105
588,-2630.00, 0.0105
589,-3028.00, 0.0104
590,-2281.00, 0.0104
591,-1289.00, 0.0103
592,-2216.00, 0.0103
593,-1766.00, 0.0102
594,-1413.00, 0.0102
595,-1046.00, 0.0101
596,-2013.00, 0.0101
597,-1511.00, 0.0100
598,-2891.00, 0.0100
599,-3271.00, 0.0099
600,-1716.00, 0.0099
601,-1678.00, 0.0098
602,-3636.00, 0.0098
603,-4251.00, 0.0097
604,-1998.00, 0.0097
605,-3031.00, 0.0096
606,-3881.00, 0.0096
607,-1636.00, 0.0095
608,-3352.00, 0.0095
609,-2876.00, 0.0094
610,-1486.00, 0.0094
611,-1635.00, 0.0094
612,-1531.00, 0.0093
613,-2711.00, 0.0093
614,-2520.00, 0.0092
615,-2591.00, 0.0092
616,-2806.00, 0.0091
617,-1301.00, 0.0091
618,-1531.00, 0.0090
619,-2281.00, 0.0090
620,-1196.00, 0.0089
621,-3054.00, 0.0089
622,-1821.00, 0.0089
623,-3665.00, 0.0088
624,-1486.00, 0.0088
625,-2058.00, 0.0087
626,-2200.00, 0.0087
627,-1360.00, 0.0086
628,-1288.00, 0.0086
629,-2597.00, 0.0085
630,-2315.00, 0.0085
631,-2254.00, 0.0085
632,-2776.00, 0.0084
633,-3466.00, 0.0084
634,-1516.00, 0.0083
635,-4221.00, 0.0083
636,-2001.00, 0.0083
637,-2114.00, 0.0082
638,-2023.00, 0.0082
639,-4082.00, 0.0081
640,-2227.00, 0.0081
641,-1845.00, 0.0080
642,-2636.00, 0.0080
643,-2465.00, 0.0080
644,-2831.00, 0.0079
645,-2432.00, 0.0079
646,-1361.00, 0.0078
647,-1851.00, 0.0078
648,-2979.00, 0.0078
649,-2976.00, 0.0077
650,-3976.00, 0.0077
651,-1981.00, 0.0077
652,-2396.00, 0.0076
653,-3021.00, 0.0076
654,-598.00, 0.0075
655,-2356.00, 0.0075
656,-1951.00, 0.0075
657,-2407.00, 0.0074
658,-1946.00, 0.0074
659,-2131.00, 0.0074
660,-2088.00, 0.0073
661,-2594.00, 0.0073
662,-1684.00, 0.0072
663,-2096.00, 0.0072
664,-1581.00, 0.0072
665,-3446.00, 0.0071
666,-2732.00, 0.0071
667,-2976.00, 0.0071
668,-1951.00, 0.0070
669,-2461.00, 0.0070
670,-1261.00, 0.0070
671,-841.00, 0.0069
672,-1781.00, 0.0069
673,-3908.00, 0.0069
674,-1836.00, 0.0068
675,-2741.00, 0.0068
676,-2051.00, 0.0068
677,-1896.00, 0.0067
678,-2541.00, 0.0067
679,-2121.00, 0.0067
680,-2436.00, 0.0066
681,-3216.00, 0.0066
682,-1443.00, 0.0066
683,-3022.00, 0.0065
684,-2933.00, 0.0065
685,-1151.00, 0.0065
686,-3069.00, 0.0064
687,-2491.00, 0.0064
688,-2302.00, 0.0064
689,-2247.00, 0.0063
690,-1960.00, 0.0063
691,-722.00, 0.0063
692,-2465.00, 0.0062
693,-765.00, 0.0062
694,-1441.00, 0.0062
695,-1644.00, 0.0061
696,-1416.00, 0.0061
697,-2851.00, 0.0061
698,-2521.00, 0.0060
699,-1065.00, 0.0060
700,-2706.00, 0.0060
701,-2071.00, 0.0060
702,-2056.00, 0.0059
703,-3025.00, 0.0059
704,-1070.00, 0.0059
705,-2951.00, 0.0058
706,-2441.00, 0.0058
707,-2796.00, 0.0058
708,-1116.00, 0.0058
709,-1277.00, 0.0057
710,-1399.00, 0.0057
711,-2649.00, 0.0057
712,-2841.00, 0.0056
713,-2946.00, 0.0056
714,-2176.00, 0.0056
715,-1570.00, 0.0056
716,-2498.00, 0.0055
717,-3171.00, 0.0055
718,-1771.00, 0.0055
719,-1835.00, 0.0054
720,-1681.00, 0.0054
721,-1888.00, 0.0054
722,-1716.00, 0.0054
723,-1853.00, 0.0053
724,-3321.00, 0.0053
725,-2521.00, 0.0053
726,-2840.00, 0.0053
727,-3026.00, 0.0052
728,-2648.00, 0.0052
729,-1036.00, 0.0052
730,-2394.00, 0.0052
731,-1841.00, 0.0051
732,-2276.00, 0.0051
733,-1750.00, 0.0051
734,-971.00, 0.0050
735,-1608.00, 0.0050
736,-1315.00, 0.0050
737,-1996.00, 0.0050
738,-1621.00, 0.0049
739,-1110.00, 0.0049
740,-1442.00, 0.0049
741,-586.00, 0.0049
742,-2928.00, 0.0049
743,-2976.00, 0.0048
744,-1481.00, 0.0048
745,-2707.00, 0.0048
746,-465.00, 0.0048
747,-1436.00, 0.0047
748,-2159.00, 0.0047
749,-2321.00, 0.0047
750,-2099.00, 0.0047
751,966.00, 0.0046
752,-2596.00, 0.0046
753,-3669.00, 0.0046
754,-1247.00, 0.0046
755,-1849.00, 0.0045
756,-1227.00, 0.0045
757,-2485.00, 0.0045
758,-2891.00, 0.0045
759,-753.00, 0.0045
760,-1812.00, 0.0044
761,-3154.00, 0.0044
762,-2366.00, 0.0044
763,-1941.00, 0.0044
764,-2883.00, 0.0043
765,-2051.00, 0.0043
766,-2325.00, 0.0043
767,-2476.00, 0.0043
768,-1826.00, 0.0043
769,-3011.00, 0.0042
770,-1721.00, 0.0042
771,-1144.00, 0.0042
772,-1842.00, 0.0042
773,-2986.00, 0.0042
774,-842.00, 0.0041
775,-2259.00, 0.0041
776,-2536.00, 0.0041
777,-2101.00, 0.0041
778,-2249.00, 0.0040
779,-2672.00, 0.0040
780,-1907.00, 0.0040
781,-2470.00, 0.0040
782,-1808.00, 0.0040
783,-836.00, 0.0039
784,-3019.00, 0.0039
785,-2053.00, 0.0039
786,-1091.00, 0.0039
787,-1284.00, 0.0039
788,-1986.00, 0.0039
789,-1600.00, 0.0038
790,-2444.00, 0.0038
791,-3146.00, 0.0038
792,-2476.00, 0.0038
793,-2446.00, 0.0038
794,-1552.00, 0.0037
795,-2366.00, 0.0037
796,-2147.00, 0.0037
797,-1146.00, 0.0037
798,-1281.00, 0.0037
799,-69.00, 0.0036
800,-1867.00, 0.0036
801,-1291.00, 0.0036
802,-1527.00, 0.0036
803,-2585.00, 0.0036
804,-2010.00, 0.0036
805,-2590.00, 0.0035
806,-1173.00, 0.0035
807,-1611.00, 0.0035
808,-1414.00, 0.0035
809,-2151.00, 0.0035
810,-2246.00, 0.0034
811,-1735.00, 0.0034
812,-1634.00, 0.0034
813,-2756.00, 0.0034
814,-3310.00, 0.0034
815,-2156.00, 0.0034
816,-2515.00, 0.0033
817,-1521.00, 0.0033
818,-1813.00, 0.0033
819,-1673.00, 0.0033
820,-1961.00, 0.0033
821,-2944.00, 0.0033
822,-1660.00, 0.0032
823,-2351.00, 0.0032
824,-1456.00, 0.0032
825,-2816.00, 0.0032
826,-1893.00, 0.0032
827,-2836.00, 0.0032
828,-2336.00, 0.0032
829,-1506.00, 0.0031
830,-2211.00, 0.0031
831,-1776.00, 0.0031
832,-1301.00, 0.0031
833,-1666.00, 0.0031
834,-2222.00, 0.0031
835,-3155.00, 0.0030
836,-3726.00, 0.0030
837,-2806.00, 0.0030
838,-1396.00, 0.0030
839,-890.00, 0.0030
840,-2116.00, 0.0030
841,-2381.00, 0.0030
842,-1360.00, 0.0029
843,-2246.00, 0.0029
844,-2287.00, 0.0029
845,-2777.00, 0.0029
846,-1641.00, 0.0029
847,-709.00, 0.0029
848,-983.00, 0.0029
849,-2921.00, 0.0028
850,-1906.00, 0.0028
851,-907.00, 0.0028
852,-2953.00, 0.0028
853,-1761.00, 0.0028
854,-1596.00, 0.0028
855,-695.00, 0.0028
856,-1478.00, 0.0027
857,-3291.00, 0.0027
858,-2482.00, 0.0027
859,-2422.00, 0.0027
860,-1452.00, 0.0027
861,-1380.00, 0.0027
862,-2298.00, 0.0027
863,-2757.00, 0.0026
864,-1064.00, 0.0026
865,-2073.00, 0.0026
866,-3031.00, 0.0026
867,-2212.00, 0.0026
868,-1956.00, 0.0026
869,-3246.00, 0.0026
870,-2025.00, 0.0026
871,-2270.00, 0.0025
872,-2241.00, 0.0025
873,-4181.00, 0.0025
874,-1958.00, 0.0025
875,-2101.00, 0.0025
876,-714.00, 0.0025
877,-2251.00, 0.0025
878,-1692.00, 0.0025
879,-2221.00, 0.0024
880,-2181.00, 0.0024
881,-2736.00, 0.0024
882,-2107.00, 0.0024
883,-2726.00, 0.0024
884,-2369.00, 0.0024
885,-1886.00, 0.0024
886,-2226.00, 0.0024
887,-664.00, 0.0023
888,-2271.00, 0.0023
889,-2118.00, 0.0023
890,-1651.00, 0.0023
891,-462.00, 0.0023
892,-3161.00, 0.0023
893,-1196.00, 0.0023
894,-2174.00, 0.0023
895,-2823.00, 0.0023
896,-1424.00, 0.0022
897,-2986.00, 0.0022
898,-2627.00, 0.0022
899,-2715.00, 0.0022
900,-1575.00, 0.0022
901,-2971.00, 0.0022
902,-2771.00, 0.0022
903,-2332.00, 0.0022
904,-2911.00, 0.0022
905,-997.00, 0.0021
906,-3192.00, 0.0021
907,-528.00, 0.0021
908,-1626.00, 0.0021
909,-1686.00, 0.0021
910,-956.00, 0.0021
911,-2574.00, 0.0021
912,-832.00, 0.0021
913,-1976.00, 0.0021
914,-2401.00, 0.0020
915,-2901.00, 0.0020
916,-1760.00, 0.0020
917,-2322.00, 0.0020
918,-1458.00, 0.0020
919,-1383.00, 0.0020
920,-2143.00, 0.0020
921,-2132.00, 0.0020
922,-2709.00, 0.0020
923,-1586.00, 0.0020
924,-1726.00, 0.0019
925,-2071.00, 0.0019
926,-1830.00, 0.0019
927,-1990.00, 0.0019
928,-1821.00, 0.0019
929,-439.00, 0.0019
930,-1171.00, 0.0019
931,-1931.00, 0.0019
932,-2969.00, 0.0019
933,-2171.00, 0.0019
934,-646.00, 0.0019
935,-3981.00, 0.0018
936,-1406.00, 0.0018
937,-569.00, 0.0018
938,-2156.00, 0.0018
939,-2870.00, 0.0018
940,-2251.00, 0.0018
941,-3387.00, 0.0018
942,-2826.00, 0.0018
943,-1096.00, 0.0018
944,-2366.00, 0.0018
945,-1213.00, 0.0018
946,-2931.00, 0.0017
947,-3027.00, 0.0017
948,-1204.00, 0.0017
949,-968.00, 0.0017
950,-2581.00, 0.0017
951,-1087.00, 0.0017
952,-1116.00, 0.0017
953,-1541.00, 0.0017
954,-1919.00, 0.0017
955,-3082.00, 0.0017
956,-2121.00, 0.0017
957,-2241.00, 0.0017
958,-2802.00, 0.0016
959,-2514.00, 0.0016
960,-698.00, 0.0016
961,-2578.00, 0.0016
962,-2411.00, 0.0016
963,-2671.00, 0.0016
964,-2636.00, 0.0016
965,-2314.00, 0.0016
966,-1791.00, 0.0016
967,-2801.00, 0.0016
968,-1516.00, 0.0016
969,-748.00, 0.0016
970,-1323.00, 0.0015
971,-1119.00, 0.0015
972,-1496.00, 0.0015
973,-1382.00, 0.0015
974,-1946.00, 0.0015
975,-1168.00, 0.0015
976,-5.00, 0.0015
977,-2875.00, 0.0015
978,-1449.00, 0.0015
979,-1306.00, 0.0015
980,-1798.00, 0.0015
981,-1629.00, 0.0015
982,-2389.00, 0.0015
983,-1792.00, 0.0014
984,-1997.00, 0.0014
985,-1189.00, 0.0014
986,-3157.00, 0.0014
987,-1817.00, 0.0014
988,-1929.00, 0.0014
989,-1619.00, 0.0014
990,-1642.00, 0.0014
991,-1154.00, 0.0014
992,-1966.00, 0.0014
993,-1756.00, 0.0014
994,-1021.00, 0.0014
995,-870.00, 0.0014
996,-1978.00, 0.0014
997,-2678.00, 0.0014
998,-3083.00, 0.0013
999,-3112.00, 0.0013
1000,-1776.00, 0.0013
