Episode, Total Reward, Epsilon
1,-39500.00, 0.1990
2,-39370.00, 0.1980
3,-40140.00, 0.1970
4,-40140.00, 0.1960
5,-39980.00, 0.1950
6,-40140.00, 0.1941
7,-39260.00, 0.1931
8,-39400.00, 0.1921
9,-39960.00, 0.1912
10,-37940.00, 0.1902
11,-40010.00, 0.1893
12,-40160.00, 0.1883
13,-35300.00, 0.1874
14,-39990.00, 0.1864
15,-37690.00, 0.1855
16,-40240.00, 0.1846
17,-38370.00, 0.1837
18,-40090.00, 0.1827
19,-39640.00, 0.1818
20,-40140.00, 0.1809
21,-40010.00, 0.1800
22,-38710.00, 0.1791
23,-38290.00, 0.1782
24,-39980.00, 0.1773
25,-40060.00, 0.1764
26,-37380.00, 0.1756
27,-39100.00, 0.1747
28,-39920.00, 0.1738
29,-38470.00, 0.1729
30,-39670.00, 0.1721
31,-39930.00, 0.1712
32,-39960.00, 0.1704
33,-40090.00, 0.1695
34,-39320.00, 0.1687
35,-39610.00, 0.1678
36,-39670.00, 0.1670
37,-38020.00, 0.1661
38,-39960.00, 0.1653
39,-38910.00, 0.1645
40,-39190.00, 0.1637
41,-38710.00, 0.1628
42,-40040.00, 0.1620
43,-39980.00, 0.1612
44,-39870.00, 0.1604
45,-40140.00, 0.1596
46,-40090.00, 0.1588
47,-39990.00, 0.1580
48,-39940.00, 0.1572
49,-40090.00, 0.1564
50,-39300.00, 0.1557
51,-39990.00, 0.1549
52,-39500.00, 0.1541
53,-40040.00, 0.1533
54,-39960.00, 0.1526
55,-39330.00, 0.1518
56,-39580.00, 0.1511
57,-39330.00, 0.1503
58,-39990.00, 0.1495
59,-39890.00, 0.1488
60,-39620.00, 0.1481
61,-39600.00, 0.1473
62,-40140.00, 0.1466
63,-39590.00, 0.1458
64,-39600.00, 0.1451
65,-40140.00, 0.1444
66,-40040.00, 0.1437
67,-39990.00, 0.1429
68,-38820.00, 0.1422
69,-39300.00, 0.1415
70,-40090.00, 0.1408
71,-40060.00, 0.1401
72,-39000.00, 0.1394
73,-38870.00, 0.1387
74,-39120.00, 0.1380
75,-39560.00, 0.1373
76,-39880.00, 0.1366
77,-38170.00, 0.1360
78,-37580.00, 0.1353
79,-40040.00, 0.1346
80,-39250.00, 0.1339
81,-40240.00, 0.1333
82,-39940.00, 0.1326
83,-37850.00, 0.1319
84,-40040.00, 0.1313
85,-39880.00, 0.1306
86,-40090.00, 0.1300
87,-40040.00, 0.1293
88,-39800.00, 0.1287
89,-40090.00, 0.1280
90,-40090.00, 0.1274
91,-39960.00, 0.1267
92,-40090.00, 0.1261
93,-39730.00, 0.1255
94,-40040.00, 0.1249
95,-39490.00, 0.1242
96,-37670.00, 0.1236
97,-39260.00, 0.1230
98,-39930.00, 0.1224
99,-39900.00, 0.1218
100,-39880.00, 0.1212
101,-40140.00, 0.1205
102,-39890.00, 0.1199
103,-38860.00, 0.1193
104,-39850.00, 0.1187
105,-40040.00, 0.1182
106,-39890.00, 0.1176
107,-39920.00, 0.1170
108,-39390.00, 0.1164
109,-40040.00, 0.1158
110,-39540.00, 0.1152
111,-39160.00, 0.1147
112,-40010.00, 0.1141
113,-39760.00, 0.1135
114,-40040.00, 0.1129
115,-39940.00, 0.1124
116,-40040.00, 0.1118
117,-40190.00, 0.1113
118,-40140.00, 0.1107
119,-40040.00, 0.1101
120,-40040.00, 0.1096
121,-40040.00, 0.1090
122,-37450.00, 0.1085
123,-39700.00, 0.1080
124,-38300.00, 0.1074
125,-38390.00, 0.1069
126,-39830.00, 0.1064
127,-40140.00, 0.1058
128,-39880.00, 0.1053
129,-40090.00, 0.1048
130,-39990.00, 0.1042
131,-40090.00, 0.1037
132,-39310.00, 0.1032
133,-38550.00, 0.1027
134,-39430.00, 0.1022
135,-40090.00, 0.1017
136,-40140.00, 0.1012
137,-39890.00, 0.1006
138,-38470.00, 0.1001
139,-39910.00, 0.0996
140,-39290.00, 0.0991
141,-39800.00, 0.0986
142,-40090.00, 0.0982
143,-39990.00, 0.0977
144,-40140.00, 0.0972
145,-39990.00, 0.0967
146,-39960.00, 0.0962
147,-40140.00, 0.0957
148,-39070.00, 0.0952
149,-36790.00, 0.0948
150,-38050.00, 0.0943
151,-39940.00, 0.0938
152,-39940.00, 0.0934
153,-39710.00, 0.0929
154,-39880.00, 0.0924
155,-39150.00, 0.0920
156,-39450.00, 0.0915
157,-39030.00, 0.0910
158,-39210.00, 0.0906
159,-39830.00, 0.0901
160,-39230.00, 0.0897
161,-40090.00, 0.0892
162,-39600.00, 0.0888
163,-40090.00, 0.0883
164,-39780.00, 0.0879
165,-40140.00, 0.0875
166,-38960.00, 0.0870
167,-38950.00, 0.0866
168,-40090.00, 0.0862
169,-39940.00, 0.0857
170,-39410.00, 0.0853
171,-40090.00, 0.0849
172,-40040.00, 0.0845
173,-38820.00, 0.0840
174,-39300.00, 0.0836
175,-40040.00, 0.0832
176,-39350.00, 0.0828
177,-40190.00, 0.0824
178,-39990.00, 0.0819
179,-39130.00, 0.0815
180,-39940.00, 0.0811
181,-39170.00, 0.0807
182,-40040.00, 0.0803
183,-37810.00, 0.0799
184,-40040.00, 0.0795
185,-39200.00, 0.0791
186,-39880.00, 0.0787
187,-40040.00, 0.0783
188,-38910.00, 0.0779
189,-39680.00, 0.0776
190,-37280.00, 0.0772
191,-39590.00, 0.0768
192,-39990.00, 0.0764
193,-39980.00, 0.0760
194,-39670.00, 0.0756
195,-39990.00, 0.0753
196,-38490.00, 0.0749
197,-35520.00, 0.0745
198,-40090.00, 0.0741
199,-35550.00, 0.0738
200,-37370.00, 0.0734
201,-38800.00, 0.0730
202,-40040.00, 0.0727
203,-39140.00, 0.0723
204,-38130.00, 0.0719
205,-39550.00, 0.0716
206,-39960.00, 0.0712
207,-39960.00, 0.0709
208,-39890.00, 0.0705
209,-39990.00, 0.0702
210,-39380.00, 0.0698
211,-38690.00, 0.0695
212,-38820.00, 0.0691
213,-39080.00, 0.0688
214,-37890.00, 0.0684
215,-39310.00, 0.0681
216,-39990.00, 0.0677
217,-38460.00, 0.0674
218,-39800.00, 0.0671
219,-39130.00, 0.0667
220,-39830.00, 0.0664
221,-37510.00, 0.0661
222,-39210.00, 0.0657
223,-39990.00, 0.0654
224,-39880.00, 0.0651
225,-40190.00, 0.0647
226,-38970.00, 0.0644
227,-39460.00, 0.0641
228,-38820.00, 0.0638
229,-40090.00, 0.0635
230,-37000.00, 0.0631
231,-39940.00, 0.0628
232,-39650.00, 0.0625
233,-34700.00, 0.0622
234,-40090.00, 0.0619
235,-39960.00, 0.0616
236,-40010.00, 0.0613
237,-39020.00, 0.0610
238,-39910.00, 0.0607
239,-39360.00, 0.0604
240,-36850.00, 0.0601
241,-38740.00, 0.0598
242,-39840.00, 0.0595
243,-39170.00, 0.0592
244,-38270.00, 0.0589
245,-39070.00, 0.0586
246,-38760.00, 0.0583
247,-39450.00, 0.0580
248,-38610.00, 0.0577
249,-37400.00, 0.0574
250,-39000.00, 0.0571
251,-39830.00, 0.0568
252,-40140.00, 0.0566
253,-39910.00, 0.0563
254,-39680.00, 0.0560
255,-39790.00, 0.0557
256,-35650.00, 0.0554
257,-38920.00, 0.0552
258,-39600.00, 0.0549
259,-38940.00, 0.0546
260,-38100.00, 0.0543
261,-39200.00, 0.0541
262,-38110.00, 0.0538
263,-38840.00, 0.0535
264,-39230.00, 0.0533
265,-38500.00, 0.0530
266,-39730.00, 0.0527
267,-39890.00, 0.0525
268,-39600.00, 0.0522
269,-38860.00, 0.0519
270,-38990.00, 0.0517
271,-39710.00, 0.0514
272,-38820.00, 0.0512
273,-39840.00, 0.0509
274,-39030.00, 0.0506
275,-40040.00, 0.0504
276,-40040.00, 0.0501
277,-39890.00, 0.0499
278,-39130.00, 0.0496
279,-39730.00, 0.0494
280,-40060.00, 0.0491
281,-40090.00, 0.0489
282,-39910.00, 0.0487
283,-39830.00, 0.0484
284,-39470.00, 0.0482
285,-39140.00, 0.0479
286,-39800.00, 0.0477
287,-39670.00, 0.0475
288,-38790.00, 0.0472
289,-39390.00, 0.0470
290,-37710.00, 0.0467
291,-38600.00, 0.0465
292,-39810.00, 0.0463
293,-39210.00, 0.0460
294,-37710.00, 0.0458
295,-38790.00, 0.0456
296,-36930.00, 0.0454
297,-39620.00, 0.0451
298,-37790.00, 0.0449
299,-39940.00, 0.0447
300,-35870.00, 0.0445
301,-39890.00, 0.0442
302,-40040.00, 0.0440
303,-38920.00, 0.0438
304,-39700.00, 0.0436
305,-39890.00, 0.0434
306,-39890.00, 0.0431
307,-38870.00, 0.0429
308,-39280.00, 0.0427
309,-37840.00, 0.0425
310,-39940.00, 0.0423
311,-39910.00, 0.0421
312,-39990.00, 0.0419
313,-38840.00, 0.0417
314,-39730.00, 0.0414
315,-39940.00, 0.0412
316,-39780.00, 0.0410
317,-39910.00, 0.0408
318,-38680.00, 0.0406
319,-39740.00, 0.0404
320,-40040.00, 0.0402
321,-39540.00, 0.0400
322,-38370.00, 0.0398
323,-39830.00, 0.0396
324,-39200.00, 0.0394
325,-38370.00, 0.0392
326,-39360.00, 0.0390
327,-38790.00, 0.0388
328,-38100.00, 0.0386
329,-38730.00, 0.0384
330,-39470.00, 0.0383
331,-39890.00, 0.0381
332,-39050.00, 0.0379
333,-40040.00, 0.0377
334,-38670.00, 0.0375
335,-39990.00, 0.0373
336,-39030.00, 0.0371
337,-38390.00, 0.0369
338,-35750.00, 0.0367
339,-39470.00, 0.0366
340,-39940.00, 0.0364
341,-39990.00, 0.0362
342,-40190.00, 0.0360
343,-38610.00, 0.0358
344,-37640.00, 0.0357
345,-40140.00, 0.0355
346,-36450.00, 0.0353
347,-39990.00, 0.0351
348,-39510.00, 0.0350
349,-37040.00, 0.0348
350,-39320.00, 0.0346
351,-39860.00, 0.0344
352,-38810.00, 0.0343
353,-39100.00, 0.0341
354,-36220.00, 0.0339
355,-37740.00, 0.0337
356,-36050.00, 0.0336
357,-39930.00, 0.0334
358,-39810.00, 0.0332
359,-35650.00, 0.0331
360,-35910.00, 0.0329
361,-40140.00, 0.0327
362,-39330.00, 0.0326
363,-36650.00, 0.0324
364,-37950.00, 0.0323
365,-37870.00, 0.0321
366,-39990.00, 0.0319
367,-39050.00, 0.0318
368,-39840.00, 0.0316
369,-39990.00, 0.0315
370,-39570.00, 0.0313
371,-39890.00, 0.0311
372,-38550.00, 0.0310
373,-39630.00, 0.0308
374,-39960.00, 0.0307
375,-36960.00, 0.0305
376,-36240.00, 0.0304
377,-39710.00, 0.0302
378,-38590.00, 0.0301
379,-40140.00, 0.0299
380,-37980.00, 0.0298
381,-38910.00, 0.0296
382,-39940.00, 0.0295
383,-37320.00, 0.0293
384,-37470.00, 0.0292
385,-36730.00, 0.0290
386,-38870.00, 0.0289
387,-33940.00, 0.0287
388,-36060.00, 0.0286
389,-39710.00, 0.0285
390,-39070.00, 0.0283
391,-37330.00, 0.0282
392,-37690.00, 0.0280
393,-39000.00, 0.0279
394,-39760.00, 0.0278
395,-37620.00, 0.0276
396,-37880.00, 0.0275
397,-37830.00, 0.0273
398,-39130.00, 0.0272
399,-37540.00, 0.0271
400,-39260.00, 0.0269
401,-39650.00, 0.0268
402,-38690.00, 0.0267
403,-39960.00, 0.0265
404,-37950.00, 0.0264
405,-39650.00, 0.0263
406,-37980.00, 0.0261
407,-39890.00, 0.0260
408,-37950.00, 0.0259
409,-38460.00, 0.0257
410,-39990.00, 0.0256
411,-38920.00, 0.0255
412,-39360.00, 0.0254
413,-38810.00, 0.0252
414,-38040.00, 0.0251
415,-39940.00, 0.0250
416,-36130.00, 0.0249
417,-39420.00, 0.0247
418,-39980.00, 0.0246
419,-38910.00, 0.0245
420,-29890.00, 0.0244
421,-39940.00, 0.0242
422,-39860.00, 0.0241
423,-36380.00, 0.0240
424,-32600.00, 0.0239
425,-38800.00, 0.0238
426,-39390.00, 0.0236
427,-38870.00, 0.0235
428,-39010.00, 0.0234
429,-39030.00, 0.0233
430,-35460.00, 0.0232
431,-38170.00, 0.0231
432,-39100.00, 0.0229
433,-38690.00, 0.0228
434,-40040.00, 0.0227
435,-36970.00, 0.0226
436,-39630.00, 0.0225
437,-39860.00, 0.0224
438,-39890.00, 0.0223
439,-39270.00, 0.0221
440,-39440.00, 0.0220
441,-37280.00, 0.0219
442,-38600.00, 0.0218
443,-34610.00, 0.0217
444,-38140.00, 0.0216
445,-39990.00, 0.0215
446,-39940.00, 0.0214
447,-39730.00, 0.0213
448,-38000.00, 0.0212
449,-38970.00, 0.0211
450,-36380.00, 0.0210
451,-38840.00, 0.0209
452,-32390.00, 0.0208
453,-36170.00, 0.0206
454,-39940.00, 0.0205
455,-39160.00, 0.0204
456,-39940.00, 0.0203
457,-40040.00, 0.0202
458,-36650.00, 0.0201
459,-38970.00, 0.0200
460,-38060.00, 0.0199
461,-39830.00, 0.0198
462,-39840.00, 0.0197
463,-36610.00, 0.0196
464,-26930.00, 0.0195
465,-39280.00, 0.0194
466,-39210.00, 0.0193
467,-38950.00, 0.0192
468,-34960.00, 0.0192
469,-39780.00, 0.0191
470,-39520.00, 0.0190
471,-37200.00, 0.0189
472,-39730.00, 0.0188
473,-39990.00, 0.0187
474,-38580.00, 0.0186
475,-39810.00, 0.0185
476,-38950.00, 0.0184
477,-39830.00, 0.0183
478,-39940.00, 0.0182
479,-38600.00, 0.0181
480,-38500.00, 0.0180
481,-34750.00, 0.0179
482,-39630.00, 0.0179
483,-38130.00, 0.0178
484,-39890.00, 0.0177
485,-37710.00, 0.0176
486,-36770.00, 0.0175
487,-38400.00, 0.0174
488,-39990.00, 0.0173
489,-39260.00, 0.0172
490,-37480.00, 0.0172
491,-38380.00, 0.0171
492,-36040.00, 0.0170
493,-39740.00, 0.0169
494,-39330.00, 0.0168
495,-37400.00, 0.0167
496,-34580.00, 0.0166
497,-38450.00, 0.0166
498,-39810.00, 0.0165
499,-39250.00, 0.0164
500,-36270.00, 0.0163
501,-39160.00, 0.0162
502,-36030.00, 0.0162
503,-38100.00, 0.0161
504,-38840.00, 0.0160
505,-38870.00, 0.0159
506,-38500.00, 0.0158
507,-37900.00, 0.0158
508,-39150.00, 0.0157
509,-38870.00, 0.0156
510,-39990.00, 0.0155
511,-37590.00, 0.0154
512,-39700.00, 0.0154
513,-40090.00, 0.0153
514,-38980.00, 0.0152
515,-39860.00, 0.0151
516,-39860.00, 0.0151
517,-34740.00, 0.0150
518,-39940.00, 0.0149
519,-37540.00, 0.0148
520,-35570.00, 0.0148
521,-37480.00, 0.0147
522,-37070.00, 0.0146
523,-38900.00, 0.0145
524,-38050.00, 0.0145
525,-33480.00, 0.0144
526,-39890.00, 0.0143
527,-39990.00, 0.0142
528,-25220.00, 0.0142
529,-37430.00, 0.0141
530,-39660.00, 0.0140
531,-35720.00, 0.0140
532,-38870.00, 0.0139
533,-30420.00, 0.0138
534,-35530.00, 0.0138
535,-40090.00, 0.0137
536,-38190.00, 0.0136
537,-35950.00, 0.0136
538,-37190.00, 0.0135
539,-39680.00, 0.0134
540,-38590.00, 0.0134
541,-36720.00, 0.0133
542,-36740.00, 0.0132
543,-39530.00, 0.0132
544,-39650.00, 0.0131
545,-39840.00, 0.0130
546,-39730.00, 0.0130
547,-37770.00, 0.0129
548,-36380.00, 0.0128
549,-37640.00, 0.0128
550,-39290.00, 0.0127
551,-39840.00, 0.0126
552,-38160.00, 0.0126
553,-35970.00, 0.0125
554,-38060.00, 0.0124
555,-34440.00, 0.0124
556,-39260.00, 0.0123
557,-38210.00, 0.0123
558,-39840.00, 0.0122
559,-35240.00, 0.0121
560,-37460.00, 0.0121
561,-39630.00, 0.0120
562,-36700.00, 0.0120
563,-38640.00, 0.0119
564,-38500.00, 0.0118
565,-38840.00, 0.0118
566,-39890.00, 0.0117
567,-39710.00, 0.0117
568,-35440.00, 0.0116
569,-39990.00, 0.0115
570,-39840.00, 0.0115
571,-39860.00, 0.0114
572,-28220.00, 0.0114
573,-38310.00, 0.0113
574,-27360.00, 0.0113
575,-39470.00, 0.0112
576,-39840.00, 0.0111
577,-39990.00, 0.0111
578,-39830.00, 0.0110
579,-39250.00, 0.0110
580,-35030.00, 0.0109
581,-29630.00, 0.0109
582,-38280.00, 0.0108
583,-36450.00, 0.0108
584,-39840.00, 0.0107
585,-38820.00, 0.0107
586,-37070.00, 0.0106
587,-35590.00, 0.0105
588,-36810.00, 0.0105
589,-40040.00, 0.0104
590,-38510.00, 0.0104
591,-38430.00, 0.0103
592,-36710.00, 0.0103
593,-39830.00, 0.0102
594,-38980.00, 0.0102
595,-37980.00, 0.0101
596,-36100.00, 0.0101
597,-39630.00, 0.0100
598,-37270.00, 0.0100
599,-39160.00, 0.0099
600,-37870.00, 0.0099
601,-38930.00, 0.0098
602,-28510.00, 0.0098
603,-38030.00, 0.0097
604,-39990.00, 0.0097
605,-39340.00, 0.0096
606,-40090.00, 0.0096
607,-38550.00, 0.0095
608,-39180.00, 0.0095
609,-39680.00, 0.0094
610,-38510.00, 0.0094
611,-38540.00, 0.0094
612,-37150.00, 0.0093
613,-37850.00, 0.0093
614,-39840.00, 0.0092
615,-39470.00, 0.0092
616,-39710.00, 0.0091
617,-39550.00, 0.0091
618,-34010.00, 0.0090
619,-38870.00, 0.0090
620,-38900.00, 0.0089
621,-33250.00, 0.0089
622,-37640.00, 0.0089
623,-38430.00, 0.0088
624,-38760.00, 0.0088
625,-38050.00, 0.0087
626,-38420.00, 0.0087
627,-35900.00, 0.0086
628,-36420.00, 0.0086
629,-39860.00, 0.0085
630,-36880.00, 0.0085
631,-37360.00, 0.0085
632,-38300.00, 0.0084
633,-38790.00, 0.0084
634,-38510.00, 0.0083
635,-35290.00, 0.0083
636,-39890.00, 0.0083
637,-36330.00, 0.0082
638,-39620.00, 0.0082
639,-38120.00, 0.0081
640,-36910.00, 0.0081
641,-37920.00, 0.0080
642,-33980.00, 0.0080
643,-39630.00, 0.0080
644,-38970.00, 0.0079
645,-40040.00, 0.0079
646,-38920.00, 0.0078
647,-38510.00, 0.0078
648,-39760.00, 0.0078
649,-37280.00, 0.0077
650,-38480.00, 0.0077
651,-36790.00, 0.0077
652,-32570.00, 0.0076
653,-36050.00, 0.0076
654,-35790.00, 0.0075
655,-40040.00, 0.0075
656,-39940.00, 0.0075
657,-34960.00, 0.0074
658,-34630.00, 0.0074
659,-39680.00, 0.0074
660,-36240.00, 0.0073
661,-29130.00, 0.0073
662,-39410.00, 0.0072
663,-38770.00, 0.0072
664,-30910.00, 0.0072
665,-38880.00, 0.0071
666,-39480.00, 0.0071
667,-36730.00, 0.0071
668,-39100.00, 0.0070
669,-32500.00, 0.0070
670,-38370.00, 0.0070
671,-39580.00, 0.0069
672,-39960.00, 0.0069
673,-39990.00, 0.0069
674,-39890.00, 0.0068
675,-33220.00, 0.0068
676,-37690.00, 0.0068
677,-39580.00, 0.0067
678,-38660.00, 0.0067
679,-34720.00, 0.0067
680,-39390.00, 0.0066
681,-36540.00, 0.0066
682,-38840.00, 0.0066
683,-36540.00, 0.0065
684,-30500.00, 0.0065
685,-39940.00, 0.0065
686,-38480.00, 0.0064
687,-35660.00, 0.0064
688,-39990.00, 0.0064
689,-39940.00, 0.0063
690,-26860.00, 0.0063
691,-39610.00, 0.0063
692,-35290.00, 0.0062
693,-33360.00, 0.0062
694,-38740.00, 0.0062
695,-29080.00, 0.0061
696,-36780.00, 0.0061
697,-39890.00, 0.0061
698,-39760.00, 0.0060
699,-39940.00, 0.0060
700,-38970.00, 0.0060
701,-30790.00, 0.0060
702,-34070.00, 0.0059
703,-32600.00, 0.0059
704,-39940.00, 0.0059
705,-39780.00, 0.0058
706,-37570.00, 0.0058
707,-37460.00, 0.0058
708,-35760.00, 0.0058
709,-35630.00, 0.0057
710,-29870.00, 0.0057
711,-38470.00, 0.0057
712,-38920.00, 0.0056
713,-39990.00, 0.0056
714,-39780.00, 0.0056
715,-35340.00, 0.0056
716,-39840.00, 0.0055
717,-39620.00, 0.0055
718,-32890.00, 0.0055
719,-28770.00, 0.0054
720,-35850.00, 0.0054
721,-37560.00, 0.0054
722,-36940.00, 0.0054
723,-37090.00, 0.0053
724,-38100.00, 0.0053
725,-30660.00, 0.0053
726,-38850.00, 0.0053
727,-36260.00, 0.0052
728,-30230.00, 0.0052
729,-38580.00, 0.0052
730,-39840.00, 0.0052
731,-38810.00, 0.0051
732,-38740.00, 0.0051
733,-37130.00, 0.0051
734,-30210.00, 0.0050
735,-39420.00, 0.0050
736,-39990.00, 0.0050
737,-35320.00, 0.0050
738,-35700.00, 0.0049
739,-36110.00, 0.0049
740,-39700.00, 0.0049
741,-35610.00, 0.0049
742,-37720.00, 0.0049
743,-39910.00, 0.0048
744,-39600.00, 0.0048
745,-39710.00, 0.0048
746,-37720.00, 0.0048
747,-39890.00, 0.0047
748,-37660.00, 0.0047
749,-38270.00, 0.0047
750,-39000.00, 0.0047
751,-38690.00, 0.0046
752,-36570.00, 0.0046
753,-30810.00, 0.0046
754,-37850.00, 0.0046
755,-36890.00, 0.0045
756,-39680.00, 0.0045
757,-29480.00, 0.0045
758,-37660.00, 0.0045
759,-36000.00, 0.0045
760,-38740.00, 0.0044
761,-33840.00, 0.0044
762,-38320.00, 0.0044
763,-39890.00, 0.0044
764,-38290.00, 0.0043
765,-38160.00, 0.0043
766,-39250.00, 0.0043
767,-37290.00, 0.0043
768,-38650.00, 0.0043
769,-34330.00, 0.0042
770,-39860.00, 0.0042
771,-39660.00, 0.0042
772,-33440.00, 0.0042
773,-39240.00, 0.0042
774,-35840.00, 0.0041
775,-38680.00, 0.0041
776,-39840.00, 0.0041
777,-28570.00, 0.0041
778,-39360.00, 0.0040
779,-36180.00, 0.0040
780,-38340.00, 0.0040
781,-35940.00, 0.0040
782,-35090.00, 0.0040
783,-34810.00, 0.0039
784,-40040.00, 0.0039
785,-36220.00, 0.0039
786,-34690.00, 0.0039
787,-37210.00, 0.0039
788,-38720.00, 0.0039
789,-36540.00, 0.0038
790,-30480.00, 0.0038
791,-34980.00, 0.0038
792,-39680.00, 0.0038
793,-39890.00, 0.0038
794,-38360.00, 0.0037
795,-39600.00, 0.0037
796,-32610.00, 0.0037
797,-37740.00, 0.0037
798,-39890.00, 0.0037
799,-36890.00, 0.0036
800,-40040.00, 0.0036
801,-39520.00, 0.0036
802,-37930.00, 0.0036
803,-34690.00, 0.0036
804,-37510.00, 0.0036
805,-39430.00, 0.0035
806,-40140.00, 0.0035
807,-38800.00, 0.0035
808,-37490.00, 0.0035
809,-34900.00, 0.0035
810,-37970.00, 0.0034
811,-39420.00, 0.0034
812,-40040.00, 0.0034
813,-35690.00, 0.0034
814,-40040.00, 0.0034
815,-35450.00, 0.0034
816,-38160.00, 0.0033
817,-38950.00, 0.0033
818,-37950.00, 0.0033
819,-39890.00, 0.0033
820,-36080.00, 0.0033
821,-38380.00, 0.0033
822,-39760.00, 0.0032
823,-39760.00, 0.0032
824,-39230.00, 0.0032
825,-39710.00, 0.0032
826,-31860.00, 0.0032
827,-37770.00, 0.0032
828,-35850.00, 0.0032
829,-38740.00, 0.0031
830,-39890.00, 0.0031
831,-39890.00, 0.0031
832,-35150.00, 0.0031
833,-24460.00, 0.0031
834,-39710.00, 0.0031
835,-37800.00, 0.0030
836,-38590.00, 0.0030
837,-39020.00, 0.0030
838,-39960.00, 0.0030
839,-36950.00, 0.0030
840,-39860.00, 0.0030
841,-38220.00, 0.0030
842,-39580.00, 0.0029
843,-31570.00, 0.0029
844,-34550.00, 0.0029
845,-33590.00, 0.0029
846,-38720.00, 0.0029
847,-39790.00, 0.0029
848,-40040.00, 0.0029
849,-39840.00, 0.0028
850,-38670.00, 0.0028
851,-34370.00, 0.0028
852,-33930.00, 0.0028
853,-39990.00, 0.0028
854,-35540.00, 0.0028
855,-39990.00, 0.0028
856,-39420.00, 0.0027
857,-36940.00, 0.0027
858,-37870.00, 0.0027
859,-37290.00, 0.0027
860,-36230.00, 0.0027
861,-37330.00, 0.0027
862,-39780.00, 0.0027
863,-34110.00, 0.0026
864,-37650.00, 0.0026
865,-37690.00, 0.0026
866,-37750.00, 0.0026
867,-35470.00, 0.0026
868,-34130.00, 0.0026
869,-39990.00, 0.0026
870,-39790.00, 0.0026
871,-39440.00, 0.0025
872,-34220.00, 0.0025
873,-34460.00, 0.0025
874,-38450.00, 0.0025
875,-31660.00, 0.0025
876,-38660.00, 0.0025
877,-34560.00, 0.0025
878,-36470.00, 0.0025
879,-38940.00, 0.0024
880,-37670.00, 0.0024
881,-32530.00, 0.0024
882,-27430.00, 0.0024
883,-38980.00, 0.0024
884,-34650.00, 0.0024
885,-32670.00, 0.0024
886,-38890.00, 0.0024
887,-37340.00, 0.0023
888,-39570.00, 0.0023
889,-39660.00, 0.0023
890,-37170.00, 0.0023
891,-36200.00, 0.0023
892,-39990.00, 0.0023
893,-38950.00, 0.0023
894,-39940.00, 0.0023
895,-37290.00, 0.0023
896,-39940.00, 0.0022
897,-34330.00, 0.0022
898,-31560.00, 0.0022
899,-39200.00, 0.0022
900,-38420.00, 0.0022
901,-39680.00, 0.0022
902,-38980.00, 0.0022
903,-39730.00, 0.0022
904,-39470.00, 0.0022
905,-39180.00, 0.0021
906,-36550.00, 0.0021
907,-39520.00, 0.0021
908,-36390.00, 0.0021
909,-39650.00, 0.0021
910,-38140.00, 0.0021
911,-39080.00, 0.0021
912,-38920.00, 0.0021
913,-33390.00, 0.0021
914,-39730.00, 0.0020
915,-39940.00, 0.0020
916,-36970.00, 0.0020
917,-38240.00, 0.0020
918,-28970.00, 0.0020
919,-32680.00, 0.0020
920,-38730.00, 0.0020
921,-39470.00, 0.0020
922,-38480.00, 0.0020
923,-37720.00, 0.0020
924,-39730.00, 0.0019
925,-39790.00, 0.0019
926,-36460.00, 0.0019
927,-39730.00, 0.0019
928,-39110.00, 0.0019
929,-38990.00, 0.0019
930,-38610.00, 0.0019
931,-35760.00, 0.0019
932,-38850.00, 0.0019
933,-39760.00, 0.0019
934,-38070.00, 0.0019
935,-35080.00, 0.0018
936,-38970.00, 0.0018
937,-38500.00, 0.0018
938,-39390.00, 0.0018
939,-36710.00, 0.0018
940,-38260.00, 0.0018
941,-39840.00, 0.0018
942,-39360.00, 0.0018
943,-37490.00, 0.0018
944,-39580.00, 0.0018
945,-33430.00, 0.0018
946,-37600.00, 0.0017
947,-39280.00, 0.0017
948,-39740.00, 0.0017
949,-36410.00, 0.0017
950,-37620.00, 0.0017
951,-38740.00, 0.0017
952,-39390.00, 0.0017
953,-36400.00, 0.0017
954,-38740.00, 0.0017
955,-30540.00, 0.0017
956,-38210.00, 0.0017
957,-31070.00, 0.0017
958,-36790.00, 0.0016
959,-39990.00, 0.0016
960,-35270.00, 0.0016
961,-38810.00, 0.0016
962,-39780.00, 0.0016
963,-34560.00, 0.0016
964,-39990.00, 0.0016
965,-35460.00, 0.0016
966,-39790.00, 0.0016
967,-38110.00, 0.0016
968,-28790.00, 0.0016
969,-38320.00, 0.0016
970,-37750.00, 0.0015
971,-34100.00, 0.0015
972,-39840.00, 0.0015
973,-37950.00, 0.0015
974,-33550.00, 0.0015
975,-37970.00, 0.0015
976,-38760.00, 0.0015
977,-39550.00, 0.0015
978,-37230.00, 0.0015
979,-36810.00, 0.0015
980,-39990.00, 0.0015
981,-38790.00, 0.0015
982,-39420.00, 0.0015
983,-38500.00, 0.0014
984,-37090.00, 0.0014
985,-35340.00, 0.0014
986,-39680.00, 0.0014
987,-32250.00, 0.0014
988,-37770.00, 0.0014
989,-39730.00, 0.0014
990,-38370.00, 0.0014
991,-37050.00, 0.0014
992,-36360.00, 0.0014
993,-33760.00, 0.0014
994,-31840.00, 0.0014
995,-38790.00, 0.0014
996,-34040.00, 0.0014
997,-30640.00, 0.0014
998,-39370.00, 0.0013
999,-37060.00, 0.0013
1000,-39110.00, 0.0013
