Episode, Total Reward, Epsilon
1,-22133.00, 0.1990
2,-16473.00, 0.1980
3,-19923.00, 0.1970
4,-22493.00, 0.1960
5,-18003.00, 0.1950
6,-23403.00, 0.1941
7,-19743.00, 0.1931
8,-22093.00, 0.1921
9,-17383.00, 0.1912
10,-21133.00, 0.1902
11,-22383.00, 0.1893
12,-19903.00, 0.1883
13,-15153.00, 0.1874
14,-21463.00, 0.1864
15,-22363.00, 0.1855
16,-22263.00, 0.1846
17,-20963.00, 0.1837
18,-19743.00, 0.1827
19,-18803.00, 0.1818
20,-19313.00, 0.1809
21,-16923.00, 0.1800
22,-22083.00, 0.1791
23,-23143.00, 0.1782
24,-23313.00, 0.1773
25,-18923.00, 0.1764
26,-20333.00, 0.1756
27,-22203.00, 0.1747
28,-23363.00, 0.1738
29,-20903.00, 0.1729
30,-19273.00, 0.1721
31,-16103.00, 0.1712
32,-21583.00, 0.1704
33,-22843.00, 0.1695
34,-22473.00, 0.1687
35,-22663.00, 0.1678
36,-22953.00, 0.1670
37,-22103.00, 0.1661
38,-23043.00, 0.1653
39,-22983.00, 0.1645
40,-19413.00, 0.1637
41,-20443.00, 0.1628
42,-23153.00, 0.1620
43,-21603.00, 0.1612
44,-21973.00, 0.1604
45,-23123.00, 0.1596
46,-23133.00, 0.1588
47,-17283.00, 0.1580
48,-23383.00, 0.1572
49,-23433.00, 0.1564
50,-21163.00, 0.1557
51,-19273.00, 0.1549
52,-21913.00, 0.1541
53,-20403.00, 0.1533
54,-23483.00, 0.1526
55,-20873.00, 0.1518
56,-23323.00, 0.1511
57,-22433.00, 0.1503
58,-22283.00, 0.1495
59,-13093.00, 0.1488
60,-20703.00, 0.1481
61,-14813.00, 0.1473
62,-22046.00, 0.1466
63,-22343.00, 0.1458
64,-20895.00, 0.1451
65,-23203.00, 0.1444
66,-21993.00, 0.1437
67,-19283.00, 0.1429
68,-18153.00, 0.1422
69,-23483.00, 0.1415
70,-19943.00, 0.1408
71,-21763.00, 0.1401
72,-20363.00, 0.1394
73,-22813.00, 0.1387
74,-23283.00, 0.1380
75,-20653.00, 0.1373
76,-21803.00, 0.1366
77,-23173.00, 0.1360
78,-21953.00, 0.1353
79,-22313.00, 0.1346
80,-23243.00, 0.1339
81,-23443.00, 0.1333
82,-22263.00, 0.1326
83,-22493.00, 0.1319
84,-23303.00, 0.1313
85,-20883.00, 0.1306
86,-23123.00, 0.1300
87,-21253.00, 0.1293
88,-22363.00, 0.1287
89,-22333.00, 0.1280
90,-21683.00, 0.1274
91,-21713.00, 0.1267
92,-22113.00, 0.1261
93,-23163.00, 0.1255
94,-19813.00, 0.1249
95,-20843.00, 0.1242
96,-22643.00, 0.1236
97,-22843.00, 0.1230
98,-22243.00, 0.1224
99,-22413.00, 0.1218
100,-23373.00, 0.1212
101,-22886.00, 0.1205
102,-22913.00, 0.1199
103,-22933.00, 0.1193
104,-20823.00, 0.1187
105,-21313.00, 0.1182
106,-20663.00, 0.1176
107,-20383.00, 0.1170
108,-22333.00, 0.1164
109,-20133.00, 0.1158
110,-22933.00, 0.1152
111,-13343.00, 0.1147
112,-22373.00, 0.1141
113,-23013.00, 0.1135
114,-20503.00, 0.1129
115,-17783.00, 0.1124
116,-20363.00, 0.1118
117,-23223.00, 0.1113
118,-21923.00, 0.1107
119,-23103.00, 0.1101
120,-19333.00, 0.1096
121,-20983.00, 0.1090
122,-22963.00, 0.1085
123,-21823.00, 0.1080
124,-18173.00, 0.1074
125,-21543.00, 0.1069
126,-22393.00, 0.1064
127,-22653.00, 0.1058
128,-23003.00, 0.1053
129,-21063.00, 0.1048
130,-21773.00, 0.1042
131,-21103.00, 0.1037
132,-22973.00, 0.1032
133,-20033.00, 0.1027
134,-23343.00, 0.1022
135,-20063.00, 0.1017
136,-22733.00, 0.1012
137,-22903.00, 0.1006
138,-23393.00, 0.1001
139,-22703.00, 0.0996
140,-22503.00, 0.0991
141,-21843.00, 0.0986
142,-22223.00, 0.0982
143,-22893.00, 0.0977
144,-21233.00, 0.0972
145,-23223.00, 0.0967
146,-21113.00, 0.0962
147,-21903.00, 0.0957
148,-18873.00, 0.0952
149,-23083.00, 0.0948
150,-23163.00, 0.0943
151,-23163.00, 0.0938
152,-22183.00, 0.0934
153,-22573.00, 0.0929
154,-23173.00, 0.0924
155,-23073.00, 0.0920
156,-20073.00, 0.0915
157,-21623.00, 0.0910
158,-22213.00, 0.0906
159,-23003.00, 0.0901
160,-16313.00, 0.0897
161,-21833.00, 0.0892
162,-22743.00, 0.0888
163,-22653.00, 0.0883
164,-22013.00, 0.0879
165,-21753.00, 0.0875
166,-18123.00, 0.0870
167,-22133.00, 0.0866
168,-23163.00, 0.0862
169,-22183.00, 0.0857
170,-22923.00, 0.0853
171,-21913.00, 0.0849
172,-22753.00, 0.0845
173,-21583.00, 0.0840
174,-23043.00, 0.0836
175,-22423.00, 0.0832
176,-21603.00, 0.0828
177,-20543.00, 0.0824
178,-23243.00, 0.0819
179,-22963.00, 0.0815
180,-19173.00, 0.0811
181,-22783.00, 0.0807
182,-20583.00, 0.0803
183,-21123.00, 0.0799
184,-23063.00, 0.0795
185,-20973.00, 0.0791
186,-22193.00, 0.0787
187,-23083.00, 0.0783
188,-23393.00, 0.0779
189,-22873.00, 0.0776
190,-23473.00, 0.0772
191,-23123.00, 0.0768
192,-22743.00, 0.0764
193,-23303.00, 0.0760
194,-21413.00, 0.0756
195,-19543.00, 0.0753
196,-21843.00, 0.0749
197,-23343.00, 0.0745
198,-23183.00, 0.0741
199,-23033.00, 0.0738
200,-22263.00, 0.0734
201,-22993.00, 0.0730
202,-22643.00, 0.0727
203,-21783.00, 0.0723
204,-23433.00, 0.0719
205,-20513.00, 0.0716
206,-21763.00, 0.0712
207,-21543.00, 0.0709
208,-22983.00, 0.0705
209,-22873.00, 0.0702
210,-22943.00, 0.0698
211,-23223.00, 0.0695
212,-13443.00, 0.0691
213,-23433.00, 0.0688
214,-22723.00, 0.0684
215,-22353.00, 0.0681
216,-21533.00, 0.0677
217,-17973.00, 0.0674
218,-23383.00, 0.0671
219,-23573.00, 0.0667
220,-22223.00, 0.0664
221,-22363.00, 0.0661
222,-22033.00, 0.0657
223,-20263.00, 0.0654
224,-22733.00, 0.0651
225,-22713.00, 0.0647
226,-20723.00, 0.0644
227,-21903.00, 0.0641
228,-15153.00, 0.0638
229,-20403.00, 0.0635
230,-21533.00, 0.0631
231,-17803.00, 0.0628
232,-23333.00, 0.0625
233,-22273.00, 0.0622
234,-21193.00, 0.0619
235,-22843.00, 0.0616
236,-22333.00, 0.0613
237,-23173.00, 0.0610
238,-22903.00, 0.0607
239,-22413.00, 0.0604
240,-21143.00, 0.0601
241,-22323.00, 0.0598
242,-22553.00, 0.0595
243,-22993.00, 0.0592
244,-23083.00, 0.0589
245,-23383.00, 0.0586
246,-23123.00, 0.0583
247,-22123.00, 0.0580
248,-19083.00, 0.0577
249,-22443.00, 0.0574
250,-23303.00, 0.0571
251,-20443.00, 0.0568
252,-20563.00, 0.0566
253,-21133.00, 0.0563
254,-22693.00, 0.0560
255,-21893.00, 0.0557
256,-22643.00, 0.0554
257,-21073.00, 0.0552
258,-23123.00, 0.0549
259,-22733.00, 0.0546
260,-22853.00, 0.0543
261,-20303.00, 0.0541
262,-21243.00, 0.0538
263,-22243.00, 0.0535
264,-21563.00, 0.0533
265,-22783.00, 0.0530
266,-23203.00, 0.0527
267,-22373.00, 0.0525
268,-23093.00, 0.0522
269,-22083.00, 0.0519
270,-23053.00, 0.0517
271,-22743.00, 0.0514
272,-22743.00, 0.0512
273,-15763.00, 0.0509
274,-22883.00, 0.0506
275,-21583.00, 0.0504
276,-18023.00, 0.0501
277,-23103.00, 0.0499
278,-22733.00, 0.0496
279,-22923.00, 0.0494
280,-23213.00, 0.0491
281,-23033.00, 0.0489
282,-21733.00, 0.0487
283,-23393.00, 0.0484
284,-23343.00, 0.0482
285,-23303.00, 0.0479
286,-21113.00, 0.0477
287,-22933.00, 0.0475
288,-23053.00, 0.0472
289,-23023.00, 0.0470
290,-22813.00, 0.0467
291,-17563.00, 0.0465
292,-21553.00, 0.0463
293,-22673.00, 0.0460
294,-22623.00, 0.0458
295,-22483.00, 0.0456
296,-21833.00, 0.0454
297,-23283.00, 0.0451
298,-23113.00, 0.0449
299,-20993.00, 0.0447
300,-22563.00, 0.0445
301,-20363.00, 0.0442
302,-22353.00, 0.0440
303,-23113.00, 0.0438
304,-23293.00, 0.0436
305,-19883.00, 0.0434
306,-22993.00, 0.0431
307,-23263.00, 0.0429
308,-23283.00, 0.0427
309,-21703.00, 0.0425
310,-23293.00, 0.0423
311,-23203.00, 0.0421
312,-23443.00, 0.0419
313,-17513.00, 0.0417
314,-22026.00, 0.0414
315,-22943.00, 0.0412
316,-21893.00, 0.0410
317,-23123.00, 0.0408
318,-21463.00, 0.0406
319,-22783.00, 0.0404
320,-22473.00, 0.0402
321,-22963.00, 0.0400
322,-23043.00, 0.0398
323,-22793.00, 0.0396
324,-22903.00, 0.0394
325,-22583.00, 0.0392
326,-23063.00, 0.0390
327,-20083.00, 0.0388
328,-22583.00, 0.0386
329,-16293.00, 0.0384
330,-22523.00, 0.0383
331,-22373.00, 0.0381
332,-23163.00, 0.0379
333,-23083.00, 0.0377
334,-22763.00, 0.0375
335,-21563.00, 0.0373
336,-23253.00, 0.0371
337,-21773.00, 0.0369
338,-21373.00, 0.0367
339,-19063.00, 0.0366
340,-21883.00, 0.0364
341,-23203.00, 0.0362
342,-16823.00, 0.0360
343,-23043.00, 0.0358
344,-21483.00, 0.0357
345,-21393.00, 0.0355
346,-21403.00, 0.0353
347,-22533.00, 0.0351
348,-23083.00, 0.0350
349,-22903.00, 0.0348
350,-20433.00, 0.0346
351,-22753.00, 0.0344
352,-22323.00, 0.0343
353,-23013.00, 0.0341
354,-20813.00, 0.0339
355,-22353.00, 0.0337
356,-21913.00, 0.0336
357,-20693.00, 0.0334
358,-21233.00, 0.0332
359,-22013.00, 0.0331
360,-19713.00, 0.0329
361,-23203.00, 0.0327
362,-22583.00, 0.0326
363,-17813.00, 0.0324
364,-21953.00, 0.0323
365,-22113.00, 0.0321
366,-22333.00, 0.0319
367,-22873.00, 0.0318
368,-21023.00, 0.0316
369,-23343.00, 0.0315
370,-21963.00, 0.0313
371,-23193.00, 0.0311
372,-21943.00, 0.0310
373,-23343.00, 0.0308
374,-23243.00, 0.0307
375,-21833.00, 0.0305
376,-19943.00, 0.0304
377,-21213.00, 0.0302
378,-23293.00, 0.0301
379,-19613.00, 0.0299
380,-23163.00, 0.0298
381,-23113.00, 0.0296
382,-20533.00, 0.0295
383,-23123.00, 0.0293
384,-23083.00, 0.0292
385,-22553.00, 0.0290
386,-21903.00, 0.0289
387,-20023.00, 0.0287
388,-20123.00, 0.0286
389,-22063.00, 0.0285
390,-13043.00, 0.0283
391,-21023.00, 0.0282
392,-23113.00, 0.0280
393,-22833.00, 0.0279
394,-20743.00, 0.0278
395,-21493.00, 0.0276
396,-22673.00, 0.0275
397,-20203.00, 0.0273
398,-23043.00, 0.0272
399,-20473.00, 0.0271
400,-22733.00, 0.0269
401,-22443.00, 0.0268
402,-22893.00, 0.0267
403,-22903.00, 0.0265
404,-22893.00, 0.0264
405,-20553.00, 0.0263
406,-21423.00, 0.0261
407,-21453.00, 0.0260
408,-21333.00, 0.0259
409,-22073.00, 0.0257
410,-20043.00, 0.0256
411,-23063.00, 0.0255
412,-22853.00, 0.0254
413,-21773.00, 0.0252
414,-23173.00, 0.0251
415,-20753.00, 0.0250
416,-22903.00, 0.0249
417,-20853.00, 0.0247
418,-23143.00, 0.0246
419,-22323.00, 0.0245
420,-21562.00, 0.0244
421,-19393.00, 0.0242
422,-22103.00, 0.0241
423,-20833.00, 0.0240
424,-21983.00, 0.0239
425,-22263.00, 0.0238
426,-22113.00, 0.0236
427,-23163.00, 0.0235
428,-23293.00, 0.0234
429,-17533.00, 0.0233
430,-23073.00, 0.0232
431,-21843.00, 0.0231
432,-23343.00, 0.0229
433,-22623.00, 0.0228
434,-20963.00, 0.0227
435,-23293.00, 0.0226
436,-21663.00, 0.0225
437,-22823.00, 0.0224
438,-23423.00, 0.0223
439,-21503.00, 0.0221
440,-22813.00, 0.0220
441,-23383.00, 0.0219
442,-20603.00, 0.0218
443,-23253.00, 0.0217
444,-23253.00, 0.0216
445,-22693.00, 0.0215
446,-22989.00, 0.0214
447,-22303.00, 0.0213
448,-23203.00, 0.0212
449,-22223.00, 0.0211
450,-23013.00, 0.0210
451,-22763.00, 0.0209
452,-23163.00, 0.0208
453,-22953.00, 0.0206
454,-19683.00, 0.0205
455,-23113.00, 0.0204
456,-22533.00, 0.0203
457,-23293.00, 0.0202
458,-23183.00, 0.0201
459,-21553.00, 0.0200
460,-23143.00, 0.0199
461,-18623.00, 0.0198
462,-22623.00, 0.0197
463,-23073.00, 0.0196
464,-22513.00, 0.0195
465,-21353.00, 0.0194
466,-22393.00, 0.0193
467,-20823.00, 0.0192
468,-22473.00, 0.0192
469,-23173.00, 0.0191
470,-23293.00, 0.0190
471,-20183.00, 0.0189
472,-22233.00, 0.0188
473,-21363.00, 0.0187
474,-22903.00, 0.0186
475,-21213.00, 0.0185
476,-22893.00, 0.0184
477,-21523.00, 0.0183
478,-22553.00, 0.0182
479,-22183.00, 0.0181
480,-19793.00, 0.0180
481,-18223.00, 0.0179
482,-19803.00, 0.0179
483,-23423.00, 0.0178
484,-22433.00, 0.0177
485,-22273.00, 0.0176
486,-22553.00, 0.0175
487,-22693.00, 0.0174
488,-21943.00, 0.0173
489,-22833.00, 0.0172
490,-23293.00, 0.0172
491,-22813.00, 0.0171
492,-23023.00, 0.0170
493,-22813.00, 0.0169
494,-23243.00, 0.0168
495,-23073.00, 0.0167
496,-22823.00, 0.0166
497,-23213.00, 0.0166
498,-22833.00, 0.0165
499,-22863.00, 0.0164
500,-22993.00, 0.0163
501,-22683.00, 0.0162
502,-21503.00, 0.0162
503,-21323.00, 0.0161
504,-22523.00, 0.0160
505,-17113.00, 0.0159
506,-22233.00, 0.0158
507,-22233.00, 0.0158
508,-22983.00, 0.0157
509,-22573.00, 0.0156
510,-18243.00, 0.0155
511,-21523.00, 0.0154
512,-23243.00, 0.0154
513,-19923.00, 0.0153
514,-22443.00, 0.0152
515,-22953.00, 0.0151
516,-22253.00, 0.0151
517,-23173.00, 0.0150
518,-22903.00, 0.0149
519,-21183.00, 0.0148
520,-19393.00, 0.0148
521,-19673.00, 0.0147
522,-20433.00, 0.0146
523,-20343.00, 0.0145
524,-20453.00, 0.0145
525,-22863.00, 0.0144
526,-22953.00, 0.0143
527,-21043.00, 0.0142
528,-22623.00, 0.0142
529,-22983.00, 0.0141
530,-22163.00, 0.0140
531,-22993.00, 0.0140
532,-22073.00, 0.0139
533,-19053.00, 0.0138
534,-19683.00, 0.0138
535,-22773.00, 0.0137
536,-22503.00, 0.0136
537,-22183.00, 0.0136
538,-22583.00, 0.0135
539,-21033.00, 0.0134
540,-22473.00, 0.0134
541,-21643.00, 0.0133
542,-16583.00, 0.0132
543,-18623.00, 0.0132
544,-23163.00, 0.0131
545,-23033.00, 0.0130
546,-22813.00, 0.0130
547,-21833.00, 0.0129
548,-23113.00, 0.0128
549,-23153.00, 0.0128
550,-22753.00, 0.0127
551,-16953.00, 0.0126
552,-18623.00, 0.0126
553,-22073.00, 0.0125
554,-8303.00, 0.0124
555,-23053.00, 0.0124
556,-22833.00, 0.0123
557,-22033.00, 0.0123
558,-22783.00, 0.0122
559,-22833.00, 0.0121
560,-22343.00, 0.0121
561,-22113.00, 0.0120
562,-22773.00, 0.0120
563,-17193.00, 0.0119
564,-22993.00, 0.0118
565,-22693.00, 0.0118
566,-22793.00, 0.0117
567,-13173.00, 0.0117
568,-22223.00, 0.0116
569,-23003.00, 0.0115
570,-23113.00, 0.0115
571,-21833.00, 0.0114
572,-23243.00, 0.0114
573,-23263.00, 0.0113
574,-23163.00, 0.0113
575,-22343.00, 0.0112
576,-22603.00, 0.0111
577,-23153.00, 0.0111
578,-22193.00, 0.0110
579,-20203.00, 0.0110
580,-22373.00, 0.0109
581,-22993.00, 0.0109
582,-20613.00, 0.0108
583,-23203.00, 0.0108
584,-20593.00, 0.0107
585,-18343.00, 0.0107
586,-16303.00, 0.0106
587,-21333.00, 0.0105
588,-21913.00, 0.0105
589,-23293.00, 0.0104
590,-22623.00, 0.0104
591,-23373.00, 0.0103
592,-20933.00, 0.0103
593,-22896.00, 0.0102
594,-23023.00, 0.0102
595,-22763.00, 0.0101
596,-23043.00, 0.0101
597,-21253.00, 0.0100
598,-22863.00, 0.0100
599,-23113.00, 0.0099
600,-22773.00, 0.0099
601,-22983.00, 0.0098
602,-22303.00, 0.0098
603,-22593.00, 0.0097
604,-21613.00, 0.0097
605,-20533.00, 0.0096
606,-22793.00, 0.0096
607,-19453.00, 0.0095
608,-22443.00, 0.0095
609,-21893.00, 0.0094
610,-20073.00, 0.0094
611,-22083.00, 0.0094
612,-22763.00, 0.0093
613,-22073.00, 0.0093
614,-22213.00, 0.0092
615,-19363.00, 0.0092
616,-20303.00, 0.0091
617,-22313.00, 0.0091
618,-22573.00, 0.0090
619,-22673.00, 0.0090
620,-21533.00, 0.0089
621,-15473.00, 0.0089
622,-21473.00, 0.0089
623,-20713.00, 0.0088
624,-15573.00, 0.0088
625,-22303.00, 0.0087
626,-22993.00, 0.0087
627,-20913.00, 0.0086
628,-22953.00, 0.0086
629,-21673.00, 0.0085
630,-22953.00, 0.0085
631,-21813.00, 0.0085
632,-22203.00, 0.0084
633,-20763.00, 0.0084
634,-22943.00, 0.0083
635,-22993.00, 0.0083
636,-23123.00, 0.0083
637,-19293.00, 0.0082
638,-23043.00, 0.0082
639,-21493.00, 0.0081
640,-20763.00, 0.0081
641,-23303.00, 0.0080
642,-23093.00, 0.0080
643,-23313.00, 0.0080
644,-16683.00, 0.0079
645,-23163.00, 0.0079
646,-23423.00, 0.0078
647,-22473.00, 0.0078
648,-19153.00, 0.0078
649,-22303.00, 0.0077
650,-22143.00, 0.0077
651,-23213.00, 0.0077
652,-22743.00, 0.0076
653,-23173.00, 0.0076
654,-22963.00, 0.0075
655,-19443.00, 0.0075
656,-23113.00, 0.0075
657,-22993.00, 0.0074
658,-23083.00, 0.0074
659,-23113.00, 0.0074
660,-21543.00, 0.0073
661,-18113.00, 0.0073
662,-20653.00, 0.0072
663,-22053.00, 0.0072
664,-23243.00, 0.0072
665,-20293.00, 0.0071
666,-21753.00, 0.0071
667,-21103.00, 0.0071
668,-21943.00, 0.0070
669,-22333.00, 0.0070
670,-21933.00, 0.0070
671,-21743.00, 0.0069
672,-22933.00, 0.0069
673,-22413.00, 0.0069
674,-22993.00, 0.0068
675,-21123.00, 0.0068
676,-20793.00, 0.0068
677,-23193.00, 0.0067
678,-23043.00, 0.0067
679,-20323.00, 0.0067
680,-23293.00, 0.0066
681,-20973.00, 0.0066
682,-20933.00, 0.0066
683,-23073.00, 0.0065
684,-20253.00, 0.0065
685,-19243.00, 0.0065
686,-22173.00, 0.0064
687,-23223.00, 0.0064
688,-23003.00, 0.0064
689,-16443.00, 0.0063
690,-22873.00, 0.0063
691,-23413.00, 0.0063
692,-22813.00, 0.0062
693,-22603.00, 0.0062
694,-22303.00, 0.0062
695,-21183.00, 0.0061
696,-23203.00, 0.0061
697,-22833.00, 0.0061
698,-21543.00, 0.0060
699,-19813.00, 0.0060
700,-21383.00, 0.0060
701,-23283.00, 0.0060
702,-23163.00, 0.0059
703,-23023.00, 0.0059
704,-22113.00, 0.0059
705,-21803.00, 0.0058
706,-21673.00, 0.0058
707,-23243.00, 0.0058
708,-23253.00, 0.0058
709,-22753.00, 0.0057
710,-21153.00, 0.0057
711,-22873.00, 0.0057
712,-22733.00, 0.0056
713,-23163.00, 0.0056
714,-21813.00, 0.0056
715,-21263.00, 0.0056
716,-22393.00, 0.0055
717,-23163.00, 0.0055
718,-18603.00, 0.0055
719,-23213.00, 0.0054
720,-22103.00, 0.0054
721,-18723.00, 0.0054
722,-23033.00, 0.0054
723,-17823.00, 0.0053
724,-23063.00, 0.0053
725,-15673.00, 0.0053
726,-21033.00, 0.0053
727,-23123.00, 0.0052
728,-23213.00, 0.0052
729,-22293.00, 0.0052
730,-20483.00, 0.0052
731,-22633.00, 0.0051
732,-23003.00, 0.0051
733,-20913.00, 0.0051
734,-22613.00, 0.0050
735,-22783.00, 0.0050
736,-22443.00, 0.0050
737,-22913.00, 0.0050
738,-21493.00, 0.0049
739,-23213.00, 0.0049
740,-18873.00, 0.0049
741,-23163.00, 0.0049
742,-22763.00, 0.0049
743,-20243.00, 0.0048
744,-22073.00, 0.0048
745,-21413.00, 0.0048
746,-23143.00, 0.0048
747,-22809.00, 0.0047
748,-16953.00, 0.0047
749,-22523.00, 0.0047
750,-18533.00, 0.0047
751,-21913.00, 0.0046
752,-22133.00, 0.0046
753,-22503.00, 0.0046
754,-23083.00, 0.0046
755,-23163.00, 0.0045
756,-17873.00, 0.0045
757,-19403.00, 0.0045
758,-21313.00, 0.0045
759,-23303.00, 0.0045
760,-23083.00, 0.0044
761,-15463.00, 0.0044
762,-23163.00, 0.0044
763,-21103.00, 0.0044
764,-22103.00, 0.0043
765,-19563.00, 0.0043
766,-16593.00, 0.0043
767,-22643.00, 0.0043
768,-23123.00, 0.0043
769,-14523.00, 0.0042
770,-19293.00, 0.0042
771,-22603.00, 0.0042
772,-23153.00, 0.0042
773,-23003.00, 0.0042
774,-18733.00, 0.0041
775,-13243.00, 0.0041
776,-22923.00, 0.0041
777,-19753.00, 0.0041
778,-21613.00, 0.0040
779,-21543.00, 0.0040
780,-19693.00, 0.0040
781,-17963.00, 0.0040
782,-22813.00, 0.0040
783,-23343.00, 0.0039
784,-22763.00, 0.0039
785,-21883.00, 0.0039
786,-21143.00, 0.0039
787,-19113.00, 0.0039
788,-22333.00, 0.0039
789,-22243.00, 0.0038
790,-21533.00, 0.0038
791,-22743.00, 0.0038
792,-22913.00, 0.0038
793,-21753.00, 0.0038
794,-23293.00, 0.0037
795,-22743.00, 0.0037
796,-20793.00, 0.0037
797,-22053.00, 0.0037
798,-21523.00, 0.0037
799,-23163.00, 0.0036
800,-19393.00, 0.0036
801,-22213.00, 0.0036
802,-20763.00, 0.0036
803,-19473.00, 0.0036
804,-21243.00, 0.0036
805,-20323.00, 0.0035
806,-21793.00, 0.0035
807,-22833.00, 0.0035
808,-21563.00, 0.0035
809,-22833.00, 0.0035
810,-20183.00, 0.0034
811,-21343.00, 0.0034
812,-21363.00, 0.0034
813,-17763.00, 0.0034
814,-19153.00, 0.0034
815,-21603.00, 0.0034
816,-22623.00, 0.0033
817,-22433.00, 0.0033
818,-20223.00, 0.0033
819,-16973.00, 0.0033
820,-16943.00, 0.0033
821,-17683.00, 0.0033
822,-21713.00, 0.0032
823,-21363.00, 0.0032
824,-23143.00, 0.0032
825,-20363.00, 0.0032
826,-21023.00, 0.0032
827,-23303.00, 0.0032
828,-20933.00, 0.0032
829,-21803.00, 0.0031
830,-22593.00, 0.0031
831,-18273.00, 0.0031
832,-23013.00, 0.0031
833,-22103.00, 0.0031
834,-23523.00, 0.0031
835,-21593.00, 0.0030
836,-23133.00, 0.0030
837,-21733.00, 0.0030
838,-19183.00, 0.0030
839,-19673.00, 0.0030
840,-21683.00, 0.0030
841,-22903.00, 0.0030
842,-20753.00, 0.0029
843,-23303.00, 0.0029
844,-23023.00, 0.0029
845,-23053.00, 0.0029
846,-22503.00, 0.0029
847,-23153.00, 0.0029
848,-19993.00, 0.0029
849,-22933.00, 0.0028
850,-23133.00, 0.0028
851,-22913.00, 0.0028
852,-23033.00, 0.0028
853,-22163.00, 0.0028
854,-23163.00, 0.0028
855,-23283.00, 0.0028
856,-22593.00, 0.0027
857,-22763.00, 0.0027
858,-23023.00, 0.0027
859,-23123.00, 0.0027
860,-22983.00, 0.0027
861,-23133.00, 0.0027
862,-23163.00, 0.0027
863,-21613.00, 0.0026
864,-21793.00, 0.0026
865,-20633.00, 0.0026
866,-22693.00, 0.0026
867,-20283.00, 0.0026
868,-22793.00, 0.0026
869,-21853.00, 0.0026
870,-23283.00, 0.0026
871,-20693.00, 0.0025
872,-23033.00, 0.0025
873,-22863.00, 0.0025
874,-21773.00, 0.0025
875,-22873.00, 0.0025
876,-21873.00, 0.0025
877,-22733.00, 0.0025
878,-23153.00, 0.0025
879,-22923.00, 0.0024
880,-23103.00, 0.0024
881,-22233.00, 0.0024
882,-22413.00, 0.0024
883,-20883.00, 0.0024
884,-22643.00, 0.0024
885,-21653.00, 0.0024
886,-21263.00, 0.0024
887,-23123.00, 0.0023
888,-21543.00, 0.0023
889,-14083.00, 0.0023
890,-21353.00, 0.0023
891,-20243.00, 0.0023
892,-22483.00, 0.0023
893,-23243.00, 0.0023
894,-22733.00, 0.0023
895,-21123.00, 0.0023
896,-22253.00, 0.0022
897,-22893.00, 0.0022
898,-21293.00, 0.0022
899,-23123.00, 0.0022
900,-23113.00, 0.0022
901,-22543.00, 0.0022
902,-23343.00, 0.0022
903,-16923.00, 0.0022
904,-21273.00, 0.0022
905,-20063.00, 0.0021
906,-23043.00, 0.0021
907,-20973.00, 0.0021
908,-22403.00, 0.0021
909,-22913.00, 0.0021
910,-22773.00, 0.0021
911,-22483.00, 0.0021
912,-20353.00, 0.0021
913,-21613.00, 0.0021
914,-21793.00, 0.0020
915,-22063.00, 0.0020
916,-23293.00, 0.0020
917,-23343.00, 0.0020
918,-22713.00, 0.0020
919,-23173.00, 0.0020
920,-20783.00, 0.0020
921,-16773.00, 0.0020
922,-19993.00, 0.0020
923,-23253.00, 0.0020
924,-22893.00, 0.0019
925,-18543.00, 0.0019
926,-21803.00, 0.0019
927,-22983.00, 0.0019
928,-23383.00, 0.0019
929,-23243.00, 0.0019
930,-22733.00, 0.0019
931,-20953.00, 0.0019
932,-18693.00, 0.0019
933,-14343.00, 0.0019
934,-16283.00, 0.0019
935,-23143.00, 0.0018
936,-21763.00, 0.0018
937,-10933.00, 0.0018
938,-21043.00, 0.0018
939,-22823.00, 0.0018
940,-21943.00, 0.0018
941,-22113.00, 0.0018
942,-17913.00, 0.0018
943,-21493.00, 0.0018
944,-23163.00, 0.0018
945,-21853.00, 0.0018
946,-23133.00, 0.0017
947,-20803.00, 0.0017
948,-15683.00, 0.0017
949,-21883.00, 0.0017
950,-17433.00, 0.0017
951,-22793.00, 0.0017
952,-21083.00, 0.0017
953,-19253.00, 0.0017
954,-22103.00, 0.0017
955,-21353.00, 0.0017
956,-22863.00, 0.0017
957,-19263.00, 0.0017
958,-23013.00, 0.0016
959,-21733.00, 0.0016
960,-22073.00, 0.0016
961,-22793.00, 0.0016
962,-19543.00, 0.0016
963,-21293.00, 0.0016
964,-21083.00, 0.0016
965,-22863.00, 0.0016
966,-20663.00, 0.0016
967,-16513.00, 0.0016
968,-23113.00, 0.0016
969,-23083.00, 0.0016
970,-22353.00, 0.0015
971,-18533.00, 0.0015
972,-23143.00, 0.0015
973,-22643.00, 0.0015
974,-21843.00, 0.0015
975,-22823.00, 0.0015
976,-22223.00, 0.0015
977,-20083.00, 0.0015
978,-21263.00, 0.0015
979,-22503.00, 0.0015
980,-22823.00, 0.0015
981,-21473.00, 0.0015
982,-23113.00, 0.0015
983,-23213.00, 0.0014
984,-20813.00, 0.0014
985,-21523.00, 0.0014
986,-23023.00, 0.0014
987,-21913.00, 0.0014
988,-23183.00, 0.0014
989,-22913.00, 0.0014
990,-23263.00, 0.0014
991,-21313.00, 0.0014
992,-23253.00, 0.0014
993,-23213.00, 0.0014
994,407.00, 0.0014
995,-19293.00, 0.0014
996,-22733.00, 0.0014
997,-21246.00, 0.0014
998,-20853.00, 0.0013
999,-23383.00, 0.0013
1000,-20663.00, 0.0013
